24 31
-67579 -3398 -44310 28273 -12046 45646 61853 -29778 55129 12931 -10426 -46210 35056 16055 -15450 51411 31339 56254 99791 -54931 -97650 -83565 -56487 -92859 8112 37629 59032 70998 -39248 57033 34727 
-79737 -46365 90417 -24375 -31322 36062 -62522 -34011 -81720 50409 -17348 -27930 -14536 98708 -16291 63964 -42865 67052 -9157 2204 69402 7278 45718 3632 42479 -16654 89753 -59435 -28812 46785 75292 
-8549 27509 -7202 67076 96188 -71141 31643 -37824 74229 -90859 44829 73388 -78306 43536 -42904 85659 27760 -75853 -23499 -70037 20638 10869 75681 51359 80437 86117 41111 -78998 -42696 -12104 23383 
-24156 -84596 -83820 70009 38681 72130 1652 -99143 46358 -62118 -27225 19746 -40424 -83690 3931 72324 44070 -44832 75915 1122 2895 -86128 -23197 -45746 94309 90009 22454 42400 -52688 -89651 92873 
23156 52844 -90948 -6836 -81387 81182 21905 -80530 -45371 59787 -7755 1464 46453 -64356 32484 18776 6803 87652 -5310 -92075 -82364 -64349 -88183 98980 57050 -98175 21433 -551 76227 -41128 -7679 
-618 38805 -71537 19635 57418 36734 -58460 76889 18452 28416 96223 -80085 -25132 58957 -20511 93645 -34241 94230 -84577 -99227 -88135 78165 39680 -89156 35214 41505 32278 -65338 -55180 91150 -45927 
44202 29954 -90375 90927 -85540 46359 59556 91349 91901 -12029 14661 38905 62840 -26383 -81607 -16427 -33535 -87377 -73915 94329 51578 -95751 34008 62423 -33448 -97398 -78211 -71696 -52578 40028 -17623 
18714 97071 -80909 9640 -88470 -7461 -30805 29969 -15561 -15745 71719 -76656 74184 72425 68827 84846 -61111 8539 38021 -66783 -39883 -30641 -5685 49629 35912 -3083 -1493 64216 44339 65624 73682 
-36948 62694 92773 -219 1313 -87600 -3935 58371 -3160 7410 30089 -52727 -18407 2513 -83901 93529 -31508 24639 31549 1709 84756 -99093 96024 -38527 -36092 -79971 59980 -71877 64369 25603 -98196 
54510 -84615 21666 81381 16698 34067 -22555 -97842 57996 84855 32247 -94732 93538 61850 -78633 87066 -69659 -26905 18614 -40861 84940 -53390 82253 -53588 10519 -97719 -93609 -34269 -6261 -40917 -32464 
-51751 -25532 16291 56719 18256 77447 -65837 20414 35442 46108 79750 40710 -33266 41599 -10833 -46201 -971 62262 -498 58169 47202 -26799 -32490 20703 83720 -30209 -45816 -50549 -9380 13267 -55924 
-34042 14825 -12544 -77324 60170 -35097 -43161 -92328 27434 30036 87422 95234 96770 -43890 -15600 77658 -17772 73751 -22841 -59604 -51959 50361 -65005 68745 -38831 4787 -77072 -62291 22496 -36716 -18215 
88454 78109 -3669 -88871 -34633 61234 95058 -26961 -84244 25094 87551 -89011 -51048 -56340 -4611 -73390 -47023 96230 -69142 -79537 -55730 81219 -44542 40104 69478 -12666 -9879 -92814 -90171 53406 -11028 
98283 -41397 12392 -90589 23971 -99286 31559 24099 -83530 -43348 11649 -72540 -67307 -17602 -50062 -40697 35376 -53833 -82749 55839 -82473 98470 -88704 57631 67947 -1369 -52248 75134 -64451 28247 91195 
-66168 86850 3586 70333 -62091 -68611 1891 62009 -52141 -14368 -99254 -24681 18326 -16855 25258 4718 -81480 -1486 21969 74359 16041 -52472 12744 -99239 42564 38464 75603 -55214 74014 3849 -64020 
34935 -82213 -33345 5267 82787 -1956 34248 -28116 -27007 -80121 -27370 48312 38205 55775 -99342 70013 74295 -73738 -80930 -24258 42303 -33402 15576 -29847 -90838 81129 -54245 -46052 55142 49604 -82982 
-82835 -5519 -89238 22433 -22733 -64104 -43320 49151 8889 -96352 -78220 84290 -31057 77556 12038 -61045 -21061 38300 -41975 -18229 -92309 -48287 24436 -22155 87965 5564 23600 69002 87796 -99707 86020 
-95040 -78137 23872 -45518 -870 59768 -61749 -51720 -31344 -58100 97150 80035 10843 1794 -7928 -23113 7823 -69629 -37999 16683 -61937 13714 -58882 -57003 -71233 -26229 -6314 97770 -38434 -6021 10878 
93617 15842 -65251 -51902 42061 94517 -86561 17430 90262 -44661 14580 -2614 -6729 43463 89458 70158 78375 -80171 -67842 -4943 84982 -27038 -36736 -72022 1729 37036 -51247 -502 25691 42733 -89624 
19307 85664 -54875 -5505 -45186 66732 7934 72244 -15918 -9638 -86088 81468 83633 -15535 70926 53790 -37161 17844 13037 57897 -70086 85999 -78840 84982 -85183 58196 -66266 14315 -89024 3556 -48220 
30283 -83691 -76005 51867 -28877 17816 -40200 70456 -98103 -22749 84369 10455 -39117 -31167 -91531 -85328 -41239 -46598 -45201 -83343 -16684 -59203 64908 -31703 82704 -49808 2031 -2981 -38832 32677 -24112 
18541 48986 -117 -29593 -79892 -82302 -42703 17653 46686 34548 2021 -42860 95432 -2057 -34391 37193 -16206 19011 19081 451 29416 -13032 -34642 97713 -30329 -57360 -73168 66690 3808 -13402 -57422 
-77652 -64417 -30450 -80155 82781 -12751 -22858 434 -66066 38779 29544 -81837 34210 54577 -16228 98493 -61630 29872 17573 -34090 -40713 -95460 -41642 84089 -98699 998 38010 67991 -95195 -75392 37658 
54244 87281 -92792 74089 70062 -78454 -48770 97585 -44520 90009 27128 -26357 -48692 -91207 -15496 76890 -52837 41465 -78449 -59837 27841 53182 -1479 11929 54483 99519 77028 -50438 -95677 -98365 87221 
