47 19
21518 -40256 -13933 43064 10974 -16349 25633 -71928 -89222 26365 -93531 46662 37958 10448 93825 -20578 31999 -66013 -92738 
-87731 -40403 -53720 66752 -40885 -76693 -83686 90529 52033 30624 -23816 -31962 79231 35929 54105 -50617 73992 -62245 2105 
-97937 75623 55559 35622 22284 -6484 -53931 -56802 27 5158 -95726 -65622 17427 -36128 -19342 -88732 -49924 -68946 54672 
-59396 83087 -14705 16789 -48876 91615 79807 32318 -59003 53798 -2838 43102 -17049 99875 -1340 45662 22158 92176 91732 
-7555 -80709 -76022 -76191 -46331 -31506 -85230 -38584 -20238 91936 -7530 -65567 -67460 -97354 -53183 -23582 80860 -61569 83314 
-59733 -20572 37111 37429 -77471 -79939 37303 -51722 65724 86551 67543 -15456 -93916 86834 -64389 -70107 67592 4105 71753 
-70993 83868 63689 -51433 -81700 96229 78303 -34882 99736 59162 3549 83049 99429 10067 -52752 -36053 -40315 94400 -98751 
7964 60123 87800 -24494 71756 93885 89430 -92634 50867 57021 11471 22620 13118 -77573 -13692 61685 67818 -90375 -32924 
-67065 36450 -73763 -36427 -53413 52756 729 -6165 43792 60415 -11766 45041 -31622 75446 -40070 -29027 -25710 80904 -39598 
-91255 31770 44513 20217 81479 -42370 -30267 94876 -80686 -62450 31590 -86521 -29515 -31961 -60284 -38852 14626 19561 -11034 
35551 -36648 -50620 -76216 35483 -55153 26320 95413 15821 -99391 3405 3312 -90645 -64826 -52176 -43339 43743 5454 26394 
38618 -48143 63945 -29792 -34664 61519 -34664 -67858 49756 7052 51703 -61278 -57398 42145 -84809 93476 -95284 -39961 -53116 
-99872 75860 -52506 -69378 -93740 83939 -34204 -45915 -59401 36628 59539 -5918 -97665 -88604 85116 -27457 -96179 -26276 -35032 
-64037 -76521 72020 14756 89291 41711 -43100 -95518 -37724 88706 -35479 9160 15923 67470 -16257 46545 73730 -32319 39430 
54904 -64631 -23942 14443 -43459 -21607 -47072 -58344 -21975 -43251 15380 42993 -7287 -34051 -57898 34558 -44761 10902 18547 
86811 73178 7252 78421 -90573 -76826 -27021 -6830 69719 73799 -12059 9148 28702 23310 85206 70234 6940 90688 -76839 
48597 -31288 -93000 91066 -88295 -73198 -42986 80897 61360 -60657 -8202 -20094 53243 92066 87158 31664 -98508 37421 31732 
-78249 7139 5530 9692 43376 -65768 60092 28582 -95535 -32969 19269 54717 42717 15071 61717 33783 26776 88519 17886 
-65239 -23033 -15682 26559 56873 -62439 18624 -28881 -3686 -52795 35629 -71955 -31043 -57233 33576 78649 86143 -5103 -34171 
-58187 -73549 32861 -11828 81168 -97334 -96758 -30027 36449 -42893 85581 81425 -8132 -37453 92832 45516 -80581 57482 91230 
-82373 -46205 -61566 53256 -91070 -65520 23112 42506 -86871 -63656 64492 -21042 -21843 90943 38908 -6582 -800 41575 -76251 
69173 -94888 -92055 54754 13626 -187 -82700 6458 72419 63810 -36061 -9263 8526 17735 29171 88872 -46246 63652 11983 
23349 3870 48327 -12160 9917 53574 -94129 75915 74081 5071 17489 97831 -98667 -50310 -94225 -16824 63317 -67322 -72435 
-30226 32186 18464 -39198 -77078 -73010 5626 52093 42951 59380 -57167 -45067 -17272 -26208 30350 70568 83710 -16077 3529 
59624 85093 -91401 -95799 82923 37022 -46109 15788 47287 44297 48466 74853 41160 -19349 -79595 -98038 3573 74485 7588 
82755 17435 -33032 52678 72369 49696 -73531 2718 -52647 37268 13730 50882 -76020 -1178 -13430 -71819 -91166 50682 -90838 
24622 -2032 53459 -99824 99910 -5381 -92084 -79685 -76330 -61422 94800 31258 -78668 12235 25315 1099 -88308 -24989 27569 
-58501 -50547 91926 -17682 27424 -84094 81140 41083 -55913 17063 -8236 80339 68774 89733 -39113 68950 16731 55506 76866 
37046 79176 42533 -41065 -62478 63866 -1741 62838 92054 9951 64938 19622 -21461 41480 -61363 60857 -31097 -45457 -30915 
-90015 -74281 86149 1750 -93942 54922 -81429 -33055 -49039 35302 49540 54916 99438 -44196 -2551 85462 -6674 88404 -16280 
83253 80457 20760 48190 -72832 99299 -10331 -34195 60155 58572 -52563 -70761 -4353 -26844 42477 97397 -93697 -75512 43057 
-99663 -97462 -94553 49877 57454 31974 32770 81992 17435 53186 70395 28244 36438 -22059 76093 -15372 5109 2480 1386 
-1997 -37366 -40042 45440 -81037 -17306 -81405 -11471 -92821 51989 -59894 50236 52326 -57356 -17228 -70708 27188 -85254 62062 
9179 -40730 15247 -93337 14604 -48315 -15396 -9304 -36598 16802 93177 64788 -85196 82900 51835 -12667 28952 -65472 -66983 
44571 -58293 85006 84677 19032 37332 -72679 -98196 66624 -18402 -83450 -44226 90777 -97091 -1889 24529 17513 49796 36222 
-91791 40287 -46977 28475 5074 94917 -61537 -43091 -17751 -5495 -81474 15267 -60925 -39766 -72639 -76249 79266 64693 78162 
81070 -41595 -40241 24709 -58731 77626 27619 39380 -70757 72221 -10825 65466 7519 -70539 45578 -64007 -38376 -32416 -98454 
-54378 -23078 -3949 -35851 92189 35126 -48528 -80450 -14034 -69263 11332 -35872 38897 -3173 -49024 90695 38096 55691 -54598 
-22525 12024 -82377 -6261 -22511 25142 -49711 50156 61136 11913 -82261 -10229 57536 -5338 85822 -78316 -86061 20947 -26844 
60579 -93088 -69018 99001 98130 -3032 -4173 76196 -12337 -66078 31886 -39846 -61514 70999 -22223 32225 75577 -97081 82514 
25733 -8856 -78485 -29439 80915 79051 -7688 66736 27824 -66659 -85229 28069 93920 -78317 -13859 92920 46903 83109 -84165 
23098 97861 -50243 82073 -41985 -84668 53072 -37119 47557 28648 92890 -42841 -45620 -15967 -21325 -47969 92037 84815 44343 
-14139 -60272 77684 632 67797 -1307 22316 81027 -81299 -30782 64136 -65463 19405 -10915 -88617 1477 -25811 -73284 -45452 
-35840 74273 83197 -42951 -68568 64666 41083 -62804 43786 -39792 49100 -11871 46070 88828 92902 -53299 56625 -8406 -3894 
37651 -62615 -7587 -71125 -28078 -88183 -54950 -16695 13295 -53672 10021 -5068 10488 -88617 -94783 67538 69905 69884 -64291 
-92900 13669 -4083 56200 28887 -58014 -27883 -51122 -11312 -71259 -32439 11883 -6519 4946 -95704 -50554 76868 43203 -78415 
87263 83587 -32087 -75628 -21481 78402 -64245 -16264 -26972 -94341 80709 8737 39849 -5622 -95347 -76862 50354 73730 -4745 
