48 44
-48915 -33207 1389 -28345 -1172 -67226 -51810 -97215 75978 -30225 90048 59564 -35222 -85581 -61918 -56821 77265 -51092 -56704 82924 -70384 52033 -50138 -48917 56686 -99911 -98563 30415 -77567 27758 19921 -26482 21640 48400 -27738 -79532 81174 20453 -76747 57151 17317 40390 -56196 82095 
54809 -18114 52363 32073 30794 95659 -57914 -12500 47691 -80963 38583 -68534 -80874 40020 -11030 -58441 94868 35981 -57834 16507 -88531 -58483 -35936 92643 -10941 -12683 -23117 -93624 54796 20687 88471 9605 29662 -32077 68767 87546 -36419 37942 -24955 38362 -15932 -86373 -3083 -69717 
-19263 12976 98932 -24396 -51044 68187 92111 -39575 -90296 -43825 80158 -1237 -29419 -42960 5139 -74623 77727 -79301 -37929 -65523 -11378 57927 -77978 -20708 -77042 -2933 -82347 7026 10695 -58341 37310 91432 54636 -36670 -32965 30681 -68483 86235 18196 -58779 -57591 -1647 -32927 -59920 
55393 72213 -34543 -39792 20001 27528 -78226 35712 -87457 -56203 42093 -64499 40864 -13164 42528 78648 28495 -93074 -2832 -16870 -29744 64203 40901 1773 -22473 -40904 -29917 19936 57449 37157 60016 -60070 -63542 52562 -72773 -16452 -19911 -50999 -80741 -7367 -7202 -11559 -44777 60752 
75277 97751 39399 3772 31766 -63433 13991 29112 27859 -45109 57974 -94615 13987 -71943 -47589 98525 65214 39516 -61546 28761 -7922 92771 -87692 -744 -58228 58657 18978 -38341 -52903 74202 -77590 -77626 -959 -11101 -46765 -69193 25466 -5685 -12992 80414 49207 -55019 85800 90283 
-99873 65300 88808 -7570 4815 54351 -78810 96893 47122 -66502 -76762 15983 92155 42216 77642 66342 16417 -99948 88716 -84542 -11049 69040 73355 41506 -36646 87452 21919 39650 -67568 -65193 29933 59650 -99894 -54171 -47921 -67989 27269 -26730 -71097 -98521 -66143 -47859 17462 53102 
94358 -4896 19443 -62137 -77755 -64753 80411 11196 -95714 53765 79791 -32360 -31695 1709 -92710 738 -36394 -35688 -39613 -36288 -62770 -60445 -4277 -8412 12825 -48284 -6932 -26228 -69054 -89471 -73127 52393 -67278 -26595 90257 -45033 8652 -2244 -6748 12938 -48479 -26958 7667 19826 
1841 -57954 47653 65447 6358 35129 56248 -29323 74685 79061 62266 -85402 -69224 -44667 -11630 88812 92952 -57668 41205 52764 15737 -41450 34820 51478 56306 -71928 91505 34916 -71797 -828 81832 -42867 -31693 -43427 49669 1755 91703 5917 72432 -6524 -15023 34697 8074 -57158 
17119 23534 -68347 -62840 65866 -53 89924 -91308 58497 24743 -12741 -58108 52815 -21236 76808 8108 5025 58639 65241 73332 -84788 14910 -24914 34004 47916 74608 54569 59982 9304 -37358 -97177 53513 13265 61566 90673 -93780 -38487 80596 42002 47099 5338 -70740 88991 85243 
8024 -7112 -79561 40138 -48474 12769 -59441 93828 -72322 15645 -45080 2683 -9748 -90512 -37336 26646 99221 92577 -19842 12485 54143 -29170 -54206 42745 78515 87796 -10157 -16148 -82944 -94077 96184 -47831 -1189 -83378 92308 -22574 29392 -67134 98344 -15841 -24400 -46737 86843 -7058 
89842 76596 -80413 89062 69173 -73166 -71365 23315 -2336 -25570 -33941 -96733 -37775 -17009 -12881 -93630 -11086 -89608 -41460 14814 -72986 -49153 92241 -16505 -89198 90584 67655 -13598 70936 -18414 79344 60777 -41819 26020 -23073 -72647 52854 -67348 50668 77607 -65829 43816 80874 -3604 
-73193 -32007 2767 -57190 -94526 -11604 57625 -67512 -33668 -23046 15984 -22866 94627 -89273 -9375 65562 -7687 97059 -46572 -22417 23078 -42556 4937 -96979 -9904 82694 80628 24267 -46401 61502 47753 -92505 56584 77609 -49695 62058 -33996 35019 21635 32336 -88028 64708 36559 -93402 
75435 54273 -750 94837 51331 52678 -27580 -98502 37211 4446 -95481 54397 -85772 85147 -21337 -32173 46648 53505 -24678 -69680 31113 25628 92378 24206 87736 14013 83631 99709 -21280 20189 33396 81245 -98449 -67355 3170 52882 12412 2679 54380 76713 -92876 -14012 31109 -78647 
-28865 36861 -10820 44872 -9634 -8408 75193 48568 -82781 -5341 -27226 -95046 -91329 83494 31752 -85519 -69228 92238 22815 -67677 51972 -74016 12294 -35616 28664 -33326 -58904 -37123 -20249 -706 -15770 -22025 -63846 500 -77153 26520 92092 25129 -97823 36400 -80213 -97960 -31557 55549 
85534 27285 -2881 -83695 19522 -80067 -51372 -28507 -54083 -11988 -37034 1670 -18225 -68849 64548 61526 30445 75867 -60499 66600 -96545 -37652 -79792 22636 14566 -77615 -40965 34353 -75575 -45432 -83010 37049 81853 14109 53354 -71537 34042 29072 -72955 7049 -82917 -9988 -91282 -1142 
21163 355 87473 78698 -96689 -73027 -27614 -93234 -83590 -7406 29403 30976 -57931 15527 92419 93584 -2816 -90592 -42279 -93875 23518 -88925 -65412 -42441 -32764 88724 -8303 -88592 -21265 416 -62645 26987 27860 -75173 5684 31171 78891 78070 37938 95301 97754 94430 -46634 66912 
-62955 -54216 -12416 -38681 -44808 45306 -32556 5799 -16530 -70878 -9552 -22205 -82155 82145 -10797 -76331 -90351 -46353 50656 37510 -94437 83430 -31320 84454 61499 33707 79755 -13659 -44775 -66880 80342 -80640 -94007 -32074 -19321 88275 -86769 -24788 -5926 -76210 -68577 84522 1585 76358 
-6245 17877 -99974 3405 71524 -22228 68004 77087 -38799 63773 -11370 -77301 -75431 -31616 -63870 -20206 -71407 -83529 -73757 61676 -88514 -65989 49950 51807 9224 71113 75597 -32264 55634 -95730 -55906 76479 22147 71210 -20117 -79241 -51019 74976 24936 10182 38748 -86435 -40029 63317 
-90962 -3899 -56889 64721 -60339 96444 26396 -48852 -69545 -96566 -97046 -33232 74548 78552 34504 -42730 82822 5687 -66252 -67942 -23103 -59280 -47183 25878 -84305 4842 -63940 54444 18407 -3969 17760 -45466 19221 -12040 -80746 58882 -88507 -27261 -89971 -58052 -23826 -87016 -64195 -49279 
18625 70309 7991 1446 -24004 41740 33504 -20018 9549 13411 -94141 25245 -81748 69009 -93223 -36251 92129 24537 18283 11349 39587 -35373 -29769 51080 37366 -92651 20117 -86461 -79667 55922 -35740 38958 26230 -659 67494 29315 68170 -71914 36386 -22282 41497 -30665 30052 -13161 
-61657 36829 50588 -69528 88456 -31130 -31090 28042 33497 -33770 -93790 97953 -26420 26327 -88509 -6087 -17752 -97159 59961 35567 2182 27454 91972 -29649 55540 28357 -24842 -2963 97692 -94790 10965 63125 42039 -38448 20686 -42417 -42489 89596 85625 18098 -44174 18924 16050 -43505 
-54750 -45370 50408 -45413 -42529 10368 17244 59653 64911 9215 57093 20451 64661 -67749 44577 -10558 -62539 -44459 -47434 6589 -55818 341 64173 1693 -82975 -23114 46880 99941 22900 90019 -43565 -4761 -55351 -93157 49827 -70791 -55700 94160 88863 -90789 3374 -26956 -43249 95124 
-67616 -98673 -88346 -30155 -43132 -35780 3524 -71861 -8350 94786 -43079 8676 98761 -96199 8616 21660 93820 65052 -83101 65558 -1016 -6185 94768 43284 -12026 10719 -20416 18437 83763 36335 -59351 -83853 -35249 -47696 -86919 -51292 -56387 -56306 -23153 35264 65569 33769 -56061 64330 
37570 -20356 -14011 -41522 -55305 -70023 51126 -29232 23792 45893 41142 -88235 83701 -79275 -42709 -5448 -15850 -2059 -62212 48901 50245 -49130 97610 93858 -78347 -25544 29121 87223 35314 149 -21359 99973 79794 64630 -41549 51578 21697 -90424 -77654 -54512 -17442 63488 84344 -33742 
11302 68724 60810 22541 -33336 98599 -28558 -83092 76558 96141 37856 25300 97686 94066 -60389 33000 -5785 18252 32972 -98903 -90029 18512 -20236 31668 -44823 2110 4245 37735 92687 -11412 31082 -68922 -42688 -81019 53619 -48935 44669 52150 95064 21226 48290 32919 73615 -26935 
-45927 -86774 33154 48288 -41433 -33875 -23526 -31462 11727 56239 -99795 66904 85438 4451 -68272 78125 20128 62810 36292 4529 81791 -10090 55595 26459 -57940 -22253 74774 17439 -89335 -24522 90504 -35262 -84207 -49254 40116 -25640 16872 43679 42899 55688 -83 -29807 22591 -87556 
74644 -18592 17658 -78139 -55782 -46051 26390 53098 -29052 -90927 -93354 13008 -13180 8509 57537 -75426 11076 -24871 -83598 26869 25876 -16393 -98771 69837 -72715 44128 25524 -45708 41410 75204 93826 16054 -43388 11483 -34996 -72081 65432 18483 8106 -63621 27557 -58159 -23523 41466 
-22560 61103 66041 88516 -63769 9532 15385 62107 93139 16614 -40968 47513 87831 84556 28894 29240 -13151 22719 72383 43461 -65799 64476 -1531 26722 -17041 33664 -9809 37605 75506 66668 -20930 -47055 -45141 72200 -58540 -8910 -91180 -16066 80287 -98042 27637 -60682 49472 -57444 
50964 -21635 -1114 -62188 28174 98358 8362 62375 62834 -93170 -10903 -54208 40494 79288 10486 -56912 -26956 89556 -3967 27903 -11155 -35417 46082 -2335 -24394 -46543 -73287 -96757 -7224 3274 72889 -56261 8728 -28226 -91360 -63099 -29868 17002 99277 -67035 23832 -84538 -94154 91415 
21839 16332 -65497 94883 -67024 -42375 -50126 -51090 -50703 23045 -26335 -48007 76503 378 -44764 96368 30741 55214 67196 -60532 -73012 75836 -23630 -75791 -7163 -97265 84264 43758 45287 90110 -37739 -32875 -66470 -3236 89097 93596 -18521 66060 -57494 -42135 -10896 16171 9858 92696 
43638 -7817 89063 -25622 -52603 -16653 13846 -98526 -40818 17305 -74317 -20892 -52871 37036 -77135 92416 27145 -14873 -40460 -12236 8980 75726 -18641 17548 41785 23865 75414 57979 67125 -87640 50674 10762 4544 -33174 85140 -20970 -22738 -73925 -19496 36445 43380 -66724 42642 90510 
70312 65508 10014 -75455 77724 -3356 12309 -86208 -27631 20757 31341 41244 -55378 -66157 -778 -88254 -53797 76985 -50402 -22164 70900 -65263 56866 -51838 87902 64459 11696 31282 97735 -45663 -51120 -4865 46934 -14017 -53231 24657 82627 59078 -34461 -45004 -93076 96880 96240 -48454 
57812 -77450 90382 -95986 99535 67069 -18149 -2476 -98194 65806 -27225 16797 30265 84471 -51922 -44912 65897 -75953 50224 12831 10031 24082 64577 -80254 -89751 -69885 -25258 -82827 -73006 98071 -31281 84806 47710 86190 15910 -25666 53259 24850 71858 -17846 -9345 -55368 98951 -79081 
56192 74119 -23992 22088 98166 53321 -65082 -64715 -22598 26585 -44968 -12349 56700 -43137 4824 10784 82024 632 -77322 29733 -86089 38588 31156 67170 90527 3013 -50677 -18818 -25266 75363 -70810 -69075 49481 -67713 53014 -25264 12697 15021 10021 90100 -58395 -7858 -95161 25395 
49006 -63247 -63822 -41882 -35526 -41144 14940 -21615 24534 -53904 -54446 15060 49109 -78034 23331 50933 97330 52522 81858 -26101 11898 -38040 48635 -75405 76982 -41344 41784 45676 -22113 -26288 -28930 53982 10465 -65663 -87901 74940 -6806 27040 80414 44817 73136 -74032 86966 -50667 
75024 10297 -99735 72353 89908 82124 -53748 1805 71173 21976 -46511 -24757 7721 95273 -79081 85609 96075 -80922 39590 6539 -46584 51690 -91433 -26301 -94182 88982 -81485 78954 42039 -94520 -71714 17062 -57134 55642 -83496 59863 -35146 89846 -38332 -63974 11821 -57754 11270 -80458 
64609 -40722 32240 60683 -21644 -28171 94311 31772 50608 -97122 32560 56426 18949 51075 -37532 88077 -16355 -82156 -67773 -46400 73486 -51269 -86537 65429 65666 -24869 -98546 -95424 -55534 12724 51208 -90926 72002 -16553 69757 77448 -17635 64068 -63692 60063 -5965 68869 16488 40073 
-52968 6046 28149 30677 -49021 60376 84278 51554 36197 97741 16982 -71049 99961 18436 -66473 71516 58250 11824 80591 30251 95271 -22564 -65213 -95275 68593 -28904 64788 -37373 -60036 -91636 29789 -85915 14410 85027 -28148 -7522 -27508 83219 -55969 -91312 8048 61013 64729 -64903 
-93462 25346 -93388 64788 -62831 87203 -77873 59530 91729 -43085 64255 60321 28011 29042 50038 -4936 -35505 -20174 -63762 5995 -35147 8090 98473 -35566 -8692 -57496 -99789 99356 30606 64940 -65548 37144 -9715 -58935 1931 -45456 55357 -48852 -85927 -25826 8063 5417 -65505 63163 
61548 11622 85316 -73958 18537 -78447 -40874 10479 29644 -42401 74913 48041 -72808 75124 -25514 -15113 40064 8938 -77969 57438 -22908 -48949 39071 59539 2199 53144 -66288 37351 85650 95297 513 47197 6918 -87083 329 -74545 -65529 59455 -36977 -8796 44143 -62064 66334 71335 
-86941 -59181 -43778 -19788 49758 -94658 -62350 53939 83483 76721 13477 -87229 -43046 -25721 50122 69693 -30425 77725 -56021 3583 90642 44308 -43873 52202 -69149 19150 70495 74995 -15825 36829 46329 -2765 77648 29640 77447 -45506 -37929 42186 -91567 -54446 -54004 -51001 -41675 -69961 
-49633 35536 99732 -52968 -59651 -56290 50615 -69009 88018 33831 10282 45959 80070 -19223 20953 -35755 -82395 94371 61480 22342 -48900 -33985 76837 13171 -91799 12359 -14186 81287 -11553 -28772 -88675 38815 -93236 -88944 85847 -52887 81857 -36450 -94807 -3037 97381 -57435 -57079 77450 
23342 63874 -58306 -31964 58245 30263 90378 -90656 96279 67214 -50396 31569 -93339 35419 12855 -4891 -93354 -48731 -66077 40500 89415 46859 87614 71271 -89592 19896 -31766 34878 -10450 11155 12327 -87109 -97882 -18889 -19073 -12548 -88627 98395 -76115 34741 -7303 -26511 93399 -641 
-91093 -66658 94468 42644 -15389 -71610 -16857 -25974 75249 97846 72386 12746 17742 -59381 -52377 34381 -21136 59950 47273 -19018 68150 55289 -4477 6613 53683 19408 68443 73470 92897 61842 -27172 28894 95184 -32705 -28463 -93116 -77226 -18231 -92001 98023 -20385 80385 10768 24446 
48094 58391 -41174 -73043 -54571 -93902 -64972 40669 -11523 -42360 -52719 69249 77048 -84277 42718 -2967 4654 -84455 53016 -73073 -90071 51642 -66189 -67297 -66589 68900 -69275 13026 49284 -31418 -62529 -75534 54062 -3703 78513 26581 -70515 -86460 -32751 17962 -28820 -58381 -85701 75317 
84432 57018 -27650 -10914 -348 52455 -56898 9582 4097 -23087 42285 37508 72902 100 -49467 22185 -4229 -84907 -26259 -50167 11390 -47747 3503 -32036 92884 -2159 13015 91153 39460 27315 66470 -49020 -88579 65909 40066 -61838 18363 83168 47744 -77541 87170 -82882 -12944 60071 
-55693 -35322 -90655 40078 -20229 -16914 17000 18251 -37572 -79498 86215 -44689 -54568 -73681 -53536 11981 53634 40023 62962 -7856 5931 -69884 30306 51383 40374 -94861 932 -45368 49347 87988 41793 93654 -47334 51138 -39180 -40474 61313 77821 77777 -76260 25412 -8919 -93859 70845 
17400 -47395 -90086 98123 19717 72876 -82645 52737 -97008 -25250 4119 -29545 -20111 -94950 25087 56325 20128 -33121 -22933 -117 -81984 37888 -13502 6418 -57203 -35725 -42752 68209 -17555 -36611 -33858 26934 -56917 -23943 25056 62800 -51068 42411 15536 79014 -82840 46744 -50532 -75861 
