146 56
7553 99012 68524 84621 -74017 13630 -50403 12481 -79953 -7606 3845 -95616 -39398 86290 -32227 -46166 13223 10856 -43020 65368 -99256 -66999 -65133 16280 -87985 79118 90114 88573 30346 -31003 -9783 -62102 95098 -41259 49608 -78920 72371 99205 -39350 19507 -8402 64496 23892 -20710 -22126 91665 -39787 18187 -70390 17193 -16446 57444 50194 -54489 -99187 62209 
-75372 90927 -22129 54974 -40077 68088 92872 -44980 53918 42480 -96811 -46623 -31227 -36161 72885 60372 -71666 -3224 66751 -66702 -84471 -73037 51485 72229 44156 62128 29673 -78562 -92362 30486 83648 -67734 21412 88608 87240 8424 -16216 7201 63444 -62298 76770 66633 -8921 -54458 -69529 -36037 33003 85896 -12172 -73158 -80807 -69553 -46195 -2233 29765 25050 
-40106 -40563 46489 -32467 17012 -42775 -73112 65513 -54168 41218 -26064 29616 -51582 -62621 -5593 52277 31101 85487 24908 61573 76539 85001 -25443 91457 -88158 -79161 48993 92738 18606 -21243 -55124 78500 -34716 18454 73122 9385 75679 -99990 -25102 48600 41228 -24077 -94695 16735 -59608 -288 -30989 71493 -87713 21008 -39846 15916 6008 34711 7372 -55060 
55550 -43636 -62323 -98756 -37790 -90358 79745 27494 28097 52866 63969 3775 52876 -61134 79465 -78808 14789 11859 37927 55181 -88430 34027 -46237 50948 -44965 13917 -33137 -11868 75718 1324 33072 -41644 -15223 -2162 -40399 46987 7481 66435 -98430 62667 19300 65539 93531 99266 31494 72995 47547 73372 -15147 -14526 -44358 -76487 46590 9405 1550 -98376 
50411 68413 -83154 -46783 96826 -22993 11574 -18398 74846 -1736 55678 -90585 91788 -15663 -829 -61824 76965 -7299 -62559 8458 -34304 84989 -18170 -22362 97552 37472 -71760 44141 73966 29790 -27145 -48535 -74709 -10299 4683 -77884 -6203 43346 -69193 95732 68699 13575 32236 60486 97912 -68594 98662 74877 24108 63193 -89577 16893 -24730 -80658 94531 -27179 
-16097 49861 44051 -42132 -20350 -83095 -63577 4942 -66305 41106 -45853 27493 -15549 -15045 23224 -46851 25619 -44540 40724 -49381 -13134 39385 52585 38063 2577 63009 -45045 77847 82351 76576 77757 93344 26436 21808 78301 33175 -34198 -85277 -61884 -73413 55829 -80647 54080 67369 4308 -95608 47607 57016 86942 -11670 -92366 -26192 54805 60220 38960 84471 
-49683 93916 62318 59757 -2420 -32837 53100 51105 16060 31401 -15721 8952 46124 -50515 35539 -70958 -31162 -83293 23500 235 -78901 -28893 -42750 -91959 -13474 91974 -91062 -58670 52193 47898 -74199 -97491 -31098 15208 62267 -6429 9460 -57545 -55325 -74480 73856 -43956 34472 -52931 -67382 -29990 -96800 1456 -86194 26700 28780 -65095 24896 86030 70036 38512 
78003 78974 6931 -42715 -46039 32732 86884 -50048 75029 -23761 43524 -15511 18695 15288 -62902 -80361 -1579 -1341 93798 31039 -4242 96998 -67506 9564 -49213 61274 44469 2772 -25608 14505 -58717 79485 -79433 48215 63859 -98383 -91965 50742 -48430 10154 -73019 22183 21732 45676 -62530 58830 -7596 -37019 -42512 -13798 94020 53246 -89712 53604 89899 -38925 
14877 34367 -9063 16359 75961 -40691 -77068 23618 -92477 86791 25235 42649 37532 3894 -47198 -8398 -73924 1623 64367 90637 87542 -43229 -46383 -54971 42973 -52364 25364 -19650 -98761 -57649 -31485 -56794 76718 59452 59565 -20232 -81240 82497 -96615 53374 69287 -44291 -3978 -66093 59604 -24087 25510 85680 4625 -83035 76316 -7834 -26264 -70068 -35716 43798 
-95342 16737 -75852 -94103 59088 -7337 -50897 35805 79204 35757 42662 97964 -54658 -26864 -21574 41718 28846 1537 75626 -11551 4539 -71776 -98783 -90837 -54811 4623 1329 -53985 -38356 65613 16902 -33698 -90562 41050 99290 68526 60802 -51608 -68580 -32906 11239 74082 92148 56581 -52782 -29427 -1701 3153 -800 -98987 18691 -96262 -70763 19908 -87098 -98485 
51620 -58680 -52470 -86736 34023 64433 -20434 43461 -67429 -21145 -60924 20463 -45663 -29504 87557 -7335 71667 6793 -50755 45974 77367 -25367 -50874 -96345 -24354 67817 -92607 -68028 -85186 47385 60578 66434 15795 35197 79698 -50183 -371 86354 20367 -40710 -34792 59443 6842 -53366 57028 -78513 39299 28695 28281 15634 -25332 -67264 90267 -49116 -63609 93003 
45790 70874 52064 -12307 18259 12641 -45873 -65947 -52162 60914 -89041 -25444 -25644 -41585 -39065 -33346 44948 -5134 13288 1975 16354 79677 57759 -55366 -4690 59517 -95541 -87335 37490 67940 32757 -16721 38813 -88090 70973 -42929 -48360 52189 -81787 -73433 -59809 56262 -71787 14548 -85323 -10852 81202 59625 84015 -78422 88689 -72543 -98746 -26463 99181 -76347 
-66947 -96361 -63681 70543 71579 -3835 80911 10391 8075 -21028 -5448 59716 58250 12765 86283 98442 -30973 -85505 -59922 -89207 -69267 48369 70418 41837 69947 -13805 69294 -1709 59732 68474 21944 19874 -798 -14648 -82495 -29220 81518 98417 8260 -83319 -22612 29901 3486 -64362 -57334 -83142 61169 -61218 58443 -98754 -50425 89176 49615 47082 31012 -53350 
60366 -72606 44941 20098 22957 -33115 67061 -77842 -20674 84567 -79973 87933 82983 -44623 -95386 87460 85278 8100 50187 -72057 -47953 11355 93815 -89510 -60310 70479 99666 16394 17560 -42233 63045 -22074 -87750 -64926 25113 35208 -70952 -80738 57366 8375 -96172 4483 -76604 13900 59860 -71990 -71551 45137 -36800 78636 170 15247 -82920 -6016 25737 83860 
-35537 -47508 -72657 9112 -62652 17477 14127 -50402 52551 66329 11895 81600 85592 -30739 -82937 16509 833 -59541 -69591 -39308 95560 85948 -94172 85849 -8328 -66913 1095 -64159 27072 53922 -80299 18624 33503 74134 54825 70851 -8390 -31048 47538 -55840 62370 -40567 52849 47961 -44217 -2999 -35530 56616 -35450 -78032 -82693 -39891 -92085 50225 -54043 -73324 
83313 -25859 -37482 -62527 55152 -90692 -16814 -11346 83442 -61990 86594 -24949 -65949 -38779 -53700 96422 20654 26239 44382 3526 -76761 35941 87231 -12211 -15002 31627 -25013 -79998 -18149 -51967 -53321 92253 -50736 9197 -70275 -95585 18505 -60000 -79841 -70965 -21989 33842 4086 12062 95063 50386 8483 -57195 -23376 79955 -26580 -73047 15895 -39350 -58169 27983 
92277 16819 47985 -25872 -8059 94664 93470 41205 3860 50285 -27290 49454 90285 -7131 78489 -31705 53800 -90337 7447 -24048 -12861 43019 18757 -9148 22973 19267 17805 65958 79917 -13274 -6060 72194 -96456 -58076 73411 -77426 -63412 -6031 63780 -32463 -55747 63579 44081 -65462 83537 22569 -70078 37336 -40678 37369 -86713 46461 -19612 -40866 64402 30450 
78401 -90704 -3593 -14594 -3978 17436 -42401 -73345 59361 58099 -50771 23038 -47932 40098 90575 -3679 3676 -38256 -42052 -12788 11403 -85040 -75452 70725 -20582 64925 -55726 -13105 51148 -91325 -82655 -43363 -82029 -59159 42044 -58918 58278 26732 -32263 -55273 -15169 16967 67765 -36012 84154 -14572 60309 -12170 -25738 45347 75042 85665 60307 26679 56389 -60276 
-81307 27752 26620 69841 -36484 -28946 -73522 -91423 11895 -4389 -50341 97262 -77658 17397 69078 7173 61453 36842 71161 45606 49360 -41441 60525 -76379 30995 -37344 36375 -8699 16424 -80148 -41886 35117 47604 11823 -67953 -88881 82877 85615 -80304 -78139 -18775 -30644 46212 3567 13842 15290 -89260 -97617 79221 8990 47989 -44331 -5362 -64397 -20710 -74368 
-1741 42754 -55978 -85318 62606 2137 49800 10209 41049 81847 -51582 -48985 -5450 -31886 99966 75775 -35441 46177 -20659 5490 88556 -82830 7873 67777 26161 82952 -76555 -79202 -81446 -70175 -53569 16813 72579 -82458 -41416 35185 -53232 -91617 72483 87818 17319 -79100 -61168 -88132 -83896 65887 87643 -92248 12063 94074 13243 -72292 -88757 48205 95485 37404 
31156 -81071 -14708 -23201 75844 -41188 20701 -24488 -23646 79286 -89304 23123 87669 10268 -61971 -67923 31169 -96050 71035 -25638 69837 -14233 -17886 -91012 -20160 22446 -63304 -8917 97741 -67820 55577 -44015 78200 67958 32785 -18868 -73231 -46515 56644 -69788 -67230 -5571 -19576 47529 -95303 18453 6695 -37045 22403 -22271 37317 -80672 63496 46520 -71683 70425 
-31034 92103 88598 93796 -75717 -28737 -50220 29572 -60780 82565 -89297 93079 -63950 -5563 50380 95910 88866 -69196 43438 93563 -23654 -49868 -43483 25839 -45049 93834 45167 45536 40354 573 -56950 36409 -7324 -68353 30204 -55952 2910 7073 709 -30781 -10362 -61499 89387 -47223 32938 39766 -51314 21804 -2341 19214 15366 74006 -3565 71884 -73067 -21525 
-7194 -811 -75989 60249 99763 -32939 -76254 -80473 -74203 -18961 90665 -44204 88113 -8627 25015 -22250 29874 14401 -42384 89902 81256 6302 11705 -21085 52605 54160 -47080 76130 -46868 -20147 -45396 45939 6131 -21385 -66724 5893 -27235 -42977 -47491 -74349 38062 -56827 -18553 26174 -38365 33551 31013 18599 -52049 88629 8500 56297 -77980 47294 -64789 74625 
1453 -84780 50754 -18325 -77838 -94642 54703 28293 -88938 87979 61276 -89083 -54999 -86216 -63432 10153 84048 -54895 63416 -54318 78656 -5571 -8630 53697 -89854 26959 9993 -67834 -25748 45204 -93209 2795 60424 -15366 84470 9675 -82919 39172 -62033 55234 -45761 99243 66151 -73670 -86973 29808 36483 24164 2002 -102 -3065 -19342 21416 88306 61444 31563 
15264 -28564 63729 16606 43729 -2391 46490 -68759 9333 -41952 40916 -46497 97220 78883 -91264 78548 78126 1976 -95123 18242 -68216 41360 -57595 33786 68348 -33571 41533 -83148 -45266 2976 48415 -2912 1501 -60767 40783 72319 -36069 -12728 -96441 353 45320 -28436 53857 -30372 -49553 62593 75265 55662 -35431 80143 -99008 -76558 21502 70487 -15683 -83062 
-63085 52940 -66209 -81261 -44085 9295 15827 -15494 -24383 83699 -43176 -33362 -29030 -39616 66991 43379 -40963 -52064 40096 9484 37619 15360 92235 -97813 -77409 20316 52719 -28817 -9198 64125 -11879 -45193 17064 -50999 -26454 69 -14614 16462 84575 61003 160 68488 54730 -1781 55961 -51190 68687 -85002 -3254 -64129 -48429 -65636 -21680 -56194 63641 912 
-8789 -56552 72095 9103 -92427 -39785 63910 -48274 -63694 64545 51795 21692 -18994 -36542 -90217 8255 59036 -8397 33563 14996 40413 2249 29994 64248 -34791 81566 98613 43529 52461 -10658 71530 -56329 32791 43624 -20137 -32547 30929 -56228 19179 67235 -91684 98064 -83985 -83589 88611 52888 -48245 47646 -55510 85318 -37358 11992 -85345 19725 -23760 -93047 
1290 -98059 50483 80840 -8717 22012 51601 51163 92726 -68537 45705 23654 -97675 91974 -82023 37731 90037 61082 -18768 5736 13969 32987 -46618 -14451 -54606 16024 97541 -39951 62838 -26220 -32997 91218 -24279 44575 72057 -5906 93676 -49254 72346 86401 -90701 18051 -62857 -88376 10024 82210 49355 -72851 -29620 -69414 32885 11439 -9337 86267 96988 36057 
-70621 94528 23195 92218 95398 90198 10524 98208 -38139 -17420 -80610 -44463 -39584 91737 69027 -30285 -63124 33260 -91572 46900 -57442 57783 1138 12939 15459 -65978 -75623 33211 47379 48454 -30733 3847 -29930 92462 -3936 -34533 9749 -93413 -36325 -1301 -83743 -16935 54236 -96238 -98110 -49648 -26523 -61234 10701 -18095 12755 53259 66777 -86108 93287 -90676 
75005 -82337 42535 22383 -6794 38891 -73771 63277 -41558 -50617 -71257 -4720 83060 -80493 93979 26406 -70338 -24696 30168 -68448 25656 30734 97409 63446 -87362 -62748 16704 79416 -48855 9991 15829 53239 -45257 85454 -24379 -24961 24344 -71061 -61685 9875 -94589 -32942 -94846 15561 -86345 99134 -58034 -56683 -25563 -776 -98042 27182 -70043 26456 -9373 -57404 
63709 34420 49101 41943 71500 92019 -4819 53333 77472 -2109 -71629 -71095 -46081 -33314 38780 -40669 -39167 -28976 1981 -25512 -29843 43947 -55106 -28317 70260 73943 25954 -99783 398 43670 69903 -35894 -21911 -53908 33138 76679 -61890 -71682 -42900 42672 -46702 -14529 71577 7218 -20754 -62555 -6362 -32832 8469 95619 -31254 5715 -33346 13640 77398 -63086 
-12418 -69560 64221 15070 74110 -38788 6265 79289 7304 -60597 55967 -27497 94811 40156 -84826 -51891 52716 13840 -17584 -68039 51286 76054 -871 86844 -1239 67875 -7441 65415 -91396 97046 29418 -76725 -72514 -79273 -34566 -98405 -18061 71700 80884 16332 38192 -36061 88836 33002 31184 31099 8200 -16101 72029 90616 15860 23314 66669 42079 -62754 92519 
-62958 29805 57934 72736 26851 -85560 96012 54337 62258 -38555 -16979 -55804 60234 90995 -12382 -1575 82023 -96458 -68573 13207 34641 39627 97106 -66242 -42668 -59945 57072 51090 82134 21408 43609 46265 -48788 -71369 19001 78063 -56929 -57899 -40512 -94672 3546 -30401 76615 90870 -39407 -35768 -10706 -57385 94864 -52190 55822 29504 14527 -19983 63263 71859 
20072 -52577 22948 -70706 68831 -33444 2648 47133 -4813 -78352 -47716 -34652 -36251 11773 -29324 -5615 81372 74380 -14746 69054 65701 1637 -88332 60564 49448 -5420 -82843 -36026 74597 7509 -64168 -78243 -17979 -14131 -48949 -49148 52426 53699 25074 74702 2437 77358 -59951 -6725 -83781 -62185 14749 24680 -87806 27092 -6267 4985 -71271 -67509 -34452 78177 
-45840 -17295 69240 -71244 17303 32161 -49487 99325 -81971 -71347 77266 -2456 9441 2339 -27754 38967 -20304 -60616 -67758 -76995 -22801 46991 47685 -10606 -25917 68508 94379 -70099 28088 87016 35167 82248 96811 4406 -88997 14113 63656 88606 13437 8774 44348 -9298 -93682 80878 93041 -94347 19845 99827 -54963 52087 49921 22237 -73834 -75306 38720 -72662 
93202 -39813 -42761 -51622 -52798 92406 -69375 71102 -76100 68718 -14785 87556 -15588 98652 -3670 55849 -83557 -70263 36727 -90517 -64610 -43429 36399 -92484 35747 -13681 29753 -10998 11014 95562 16341 -68696 82838 73580 -93228 -69960 -6925 -62603 28231 16975 -93885 -86555 4531 -82384 -87903 27950 73466 55630 57687 10192 65113 20166 -6148 -71399 27682 -70402 
-57991 84525 18600 -19888 7175 62030 -61494 -9987 35610 -54722 -52858 -71316 -17325 75373 -27252 -84121 88819 4368 -66504 28005 -67683 -93039 -16366 17093 -55758 75836 -62742 38094 -95564 -7970 -5219 73536 -96357 40470 -46353 10818 2500 -7847 -99170 -61891 37431 -52028 93883 47196 50435 93720 63075 39253 -1912 23660 94347 30405 30621 -94931 74588 1952 
80905 38935 -59955 12431 -69036 -38085 -86945 -65393 -97615 -33298 -27485 4885 58856 -26655 -29917 -76625 -51593 91055 70571 25931 84774 33646 92273 -90050 84395 86619 -32555 -57895 18777 -57968 44057 -73230 80967 11192 -33710 -88069 73107 -20655 73628 75492 46048 -53858 -92535 -68008 -53423 -22452 -44633 -77927 95692 53028 48004 7555 -86238 -32635 17505 98157 
81073 84950 -59739 -151 -73019 84319 26619 -92052 -4490 19999 46969 95706 99344 -52315 -1713 -27520 -79083 5752 4472 94584 10390 -13071 -83344 6081 -60044 -8251 -86365 -46282 59114 31141 78964 -32725 16090 -80775 67124 -29839 -96457 -79169 -94802 -73858 40830 52167 -78153 40174 26941 -52777 -87347 47858 52976 -55785 42441 -36635 -41767 -13814 -3465 -74722 
77935 -62740 -93915 -35863 68401 85049 31412 -88421 -95727 -74376 -91171 34906 -53544 -85973 -11863 87286 -6717 -62926 -45452 -79776 -15703 94292 68082 -62728 -61494 10523 -72274 -3261 96709 24262 -50894 1733 -11389 -44809 -7041 -42989 -59761 51461 95680 -55487 77085 -95491 6508 50630 45626 94646 -34995 -61091 -68281 19553 -40867 16016 13844 -72786 -19622 -20561 
37737 -64807 3267 -38465 -13456 52373 -9643 75155 -92437 83316 -67835 -52197 34776 54935 -80595 -61050 -13467 -46998 16669 -67842 -52353 81674 -28933 -93545 1227 30200 -50439 42160 57415 29939 48689 -77760 65132 -48045 -89136 -48324 31418 1221 -73170 -33930 -88374 86086 13873 46402 -31891 -39633 12441 54642 13370 -70890 86800 -11894 -89217 84957 -5438 -60901 
15156 44123 8349 99660 -98850 -42963 48990 -6629 -63919 59854 45047 -5412 88165 -1033 60659 99791 -87859 -25469 -26719 -19750 -38012 12812 61981 2447 41922 -24131 90553 -20206 -39175 -87797 -54017 75982 -16585 54332 2730 -15435 38458 -48281 77937 1628 38663 -49928 96217 26827 -23872 56875 -46294 -11731 58495 26987 -4392 47572 -60202 -42412 -49982 8809 
33458 67661 15693 94283 79864 61676 -2647 90369 -56904 27173 -25067 8643 78892 79959 -89730 -55357 -69969 33576 -1441 -66752 -9550 52265 21518 76035 -93659 44215 23606 73229 -98197 73625 -17962 -37650 41285 97731 -43368 -51763 -13505 -18925 -61395 29591 -91753 -59372 65323 14228 47676 75593 58872 4796 9169 84520 38045 26708 36785 86652 2742 -29785 
30866 -73652 -56557 32669 27062 -47430 95019 95436 77390 78741 70762 -36116 86905 36457 20564 22241 77085 -14114 -63532 24760 88569 22429 -70444 -75174 6949 -5310 51534 70823 -18659 81366 -58963 -87794 34803 -88431 44876 -38136 -35860 -33017 -42701 68619 72813 -71940 -67497 59717 -8394 -19844 -90954 -31310 66043 -54485 20540 54611 -4967 -22815 6526 -98019 
71875 -41941 -107 -46785 -60576 -31981 92511 1316 -20411 -35525 63180 -29182 31459 47568 -60564 -68640 2718 99029 18167 94324 -20815 27213 90104 -54773 -183 10643 26927 94851 14917 -66548 23921 -13209 -81400 -76186 -32905 85115 -81078 86695 -13570 -1489 -48830 -50390 -3582 9718 24267 -37056 41078 -73016 -38028 86334 -78692 -31754 13547 -88589 -59438 40453 
-50857 -5422 35303 64060 28030 86314 77940 -26280 -89873 72124 -41166 -70951 58818 -27647 -45350 -90013 -50948 -21843 -53206 73320 -31810 87873 -99697 30163 1295 48701 25498 41931 60112 66061 -17616 36344 -39362 44776 403 15758 31089 -21658 89478 -31695 77555 75401 -75556 36373 74843 -93817 -26551 -76105 -15660 20244 97215 52531 -64795 24607 -90218 36500 
-99603 35280 -21569 -12402 -71571 -12096 -76058 -10932 -67321 24345 -95175 63769 29777 21392 -67927 -65580 -76119 -43483 70793 98724 -37300 71332 -77382 -25870 -8425 46922 53750 -46131 98619 63532 17458 99016 -74100 22978 -13387 -45670 -89119 10555 43398 -56439 61990 -24688 34419 -81145 23793 -6419 -46725 47674 50099 51158 -26514 39888 -50422 -76806 41107 41153 
-2795 -5144 22111 -4177 -41613 -60432 -78073 -88623 -10364 8541 -34293 517 46185 36194 -28833 -64737 38595 -94415 81208 89477 -73744 61573 37150 76355 -60181 37725 -56669 -10603 60919 84439 57639 -41876 -20706 -20251 -18964 -35229 -53594 2964 -23852 36042 38594 -31056 -63441 -88133 -94863 -65185 74221 -29179 67491 -17483 -39703 93747 -55911 24536 -2810 -16092 
-37740 -32390 73305 50269 -47952 -41968 35482 -41568 37781 -83483 -49708 11277 -53430 -46471 -52682 12253 22473 -89034 24121 -45301 -54218 -74570 25520 40362 7947 12906 34108 52037 -62559 -68703 63034 -73210 -1093 -36572 77059 -21955 21460 -60371 -36434 86331 -43853 13858 -2393 -70194 67387 44925 42060 -83052 55892 93270 -28353 28763 -81301 24256 -30876 26646 
-62839 30321 -94229 -25398 -11293 68806 1392 87614 -67767 -94460 92748 -19218 -54831 -43687 -32888 -71595 -2740 64719 -41788 -35354 9644 27361 -91317 92625 20630 -19670 -51524 39329 31675 -55311 93064 68836 75010 98836 70527 -36284 67641 99009 78419 26963 31638 71167 -92256 76807 54569 -25143 32302 -48171 -60425 90514 -56436 -23692 -55037 -47752 -31068 65593 
32578 -55503 -67990 -35747 -10814 -74927 60178 -35805 -76092 30705 -45000 18638 -43198 -66581 -54400 88440 31675 80435 65246 -13757 -44709 -2453 38072 -78045 -84851 81637 -1736 -39888 -66116 -5715 52794 -6449 -34128 84804 -15107 55058 -90123 72161 46343 60875 2865 28432 -20487 59667 61851 -47798 -24805 -79386 -67364 -59560 6858 -84984 -34923 72019 -63028 -92685 
53655 -37675 94518 14628 -16301 -25600 35269 49571 -40796 -79839 -68282 96171 92322 5150 57045 -77725 -66419 -63443 9031 95433 -11240 84226 43136 21396 51756 -50007 -36498 43922 -77988 474 -21674 2756 -10112 99933 44474 73587 -25667 -20258 -49753 33537 -73008 -18035 29707 46404 87115 -86160 -4232 -79305 -49602 -95201 43217 39158 16114 -13647 87643 94959 
-36565 -48856 -34031 -87464 -21293 44296 15293 68595 -28683 86856 -30729 45650 -33403 19518 -93725 -79322 28572 -36929 -5829 15686 -23088 89940 -36530 -45601 21828 33777 20646 65031 -79871 8288 59990 -89347 -13478 53048 -76810 -7682 -75568 -34428 -39087 -4250 -47573 -42727 68489 -53887 76791 74765 -33209 -67549 64925 60963 -24774 68926 -22009 38696 -76676 99819 
-27528 43970 64849 -80310 79348 -48073 57434 92959 -95025 80624 -14724 -70593 -53805 -26722 25157 -1378 30551 -6354 -28176 -65570 95500 38615 -33119 -12487 -73334 42107 83529 4657 -92108 -93148 -68436 -92547 -22088 96414 -72856 84349 75430 84578 77307 80405 -7710 -37418 -90188 38485 -37050 -37942 64196 93501 -17207 -63981 55021 -94619 1723 -78099 -7105 -44521 
-8902 -23577 -12775 -73921 -89636 18790 -66468 -84635 -57708 87766 99714 -82279 72343 77020 98127 91722 66692 35028 -42705 -70359 24175 -78510 50231 -93032 84599 5251 -87651 -86589 -45758 -67667 95980 -27571 -64155 -16796 -1492 73300 29083 32040 88665 71375 19806 88379 16186 -80763 -7513 -58599 -89041 -40822 3518 -31746 -11181 -72308 -83166 66140 -65340 28522 
-28610 74100 -30978 25632 33522 -34999 98061 69368 -24705 -76343 42667 -95623 55698 31331 2842 -97408 -53202 46117 -78171 39286 87518 59878 98464 -8965 -71868 -85628 -54184 72056 80512 -92434 577 78991 81666 69600 -68288 -57724 -65400 -70228 -88357 9895 -46570 -18601 -58638 36217 39820 44204 38809 86618 -9680 60638 -47008 -95074 20516 78546 -76950 -24263 
20007 -31134 -52208 518 -96479 -24542 -93403 85187 -54943 -61691 54553 -93253 95172 66196 16642 75691 74685 -14907 11907 14504 -70704 -49285 -71790 -53295 38442 -18797 78721 86047 86838 -98230 88873 6844 97727 -63336 34451 -98753 12123 41048 13524 -15731 79358 -31924 -8984 74529 61361 34748 50219 36045 -80160 89215 77638 76227 67019 32938 50021 5460 
-85860 28742 -81404 -99023 30512 -92532 7821 -44673 71223 69361 -43425 -89566 10408 70099 -5297 -83146 65264 12809 18472 26624 -52444 95780 -37331 94486 84994 -59694 70712 52012 73244 20733 84562 14473 76564 -96843 -57461 7075 37715 -22551 -10508 -63974 -53191 46067 73550 -15693 -56746 95343 1161 -91483 8151 -80367 35141 -17204 -84588 24899 -22719 -99594 
-7705 -52007 -20493 92628 -4185 -35932 7101 -27622 94315 -23271 6542 -40881 -18732 96034 -4855 -44834 -30811 -31305 39473 12443 -35963 67724 -51951 -723 87357 83191 82073 29858 8089 -40647 -42647 -99617 -65565 36861 93012 -42661 28018 -72799 -43194 22333 -68981 -9562 8541 12287 -13529 30775 -5457 -17250 99470 -65985 22282 90596 28828 70332 -83039 16184 
53522 99034 -53958 88700 85477 -69516 16173 47001 67345 9184 31430 -4637 -36526 88236 44785 -5507 -21327 80415 33870 -7766 11189 -71588 74984 -62252 89517 -2735 -71657 -54566 -32404 72395 61618 48207 71428 34749 36907 -16007 65234 -46921 58084 -40333 -10648 -10487 55030 52826 -22252 -73097 74408 56422 -92683 -64634 75745 18507 -36222 50728 56255 80385 
75082 11687 -74182 -57322 -88830 14525 90885 9688 76364 -45120 93681 41597 -64952 51764 28353 24400 -58724 -89528 -95686 -53886 -62625 78723 29625 71783 -85912 5369 -82622 -95044 83186 722 12430 58267 -87592 -34663 -99056 50669 79862 18919 -39644 -16686 888 -45964 52000 35937 32890 -19647 -39664 1255 -9175 91741 47369 -44711 70463 -95918 -72929 11640 
9451 -55551 16596 -80275 45171 56115 77993 -15331 -78549 6026 -64663 28403 52034 -4307 -88284 -47078 -23182 63717 15948 36797 -55931 76284 -61948 34894 -4887 12510 90183 -34425 16593 44344 4305 53133 88793 -79100 72859 -38947 4105 -22060 -27189 25556 83966 -64763 -46042 -36911 -41981 92765 16011 -38074 56481 -68042 98724 -99451 35331 -63225 -37468 -69556 
-23626 79804 -76892 20056 24147 27413 -26811 -59971 -24597 73137 -71829 79508 78166 982 -67848 -10780 -36692 -86800 52309 21327 -94036 95409 10342 62445 -72634 9065 -9917 -10213 -27071 52615 -52680 49304 32418 97518 96449 83655 24931 -30363 -76317 27423 69863 -48146 -65981 48028 -20075 -33829 -62752 43233 -20629 89557 91649 -14665 84966 1990 74869 39421 
38145 -35049 56297 -88927 -82435 30706 -12534 -22927 28224 -16085 -39273 80244 -19359 -88501 7666 77594 90443 41685 25621 -29633 34945 -10042 40689 -85684 -93396 -40574 -73260 18659 -11495 -98391 -41921 53739 93650 41466 -8098 38305 -27829 79368 -84623 -99606 90372 -96807 80638 98103 -85308 -84608 75696 32224 57077 -71595 -97410 -7978 18364 -29632 -66573 24968 
-43117 -39833 -56374 -27523 88866 -71206 -73784 82516 -2651 18118 20820 69521 -75426 -36714 -2996 -85054 -33521 -22358 40138 -91740 -6966 15833 40484 77201 44238 -29837 96312 89691 -32380 -70262 -58253 -48408 -83006 -14627 24069 32950 -58743 50285 15465 38606 -31598 63374 -64785 -7023 -73341 32220 -64988 -79773 36951 75150 55577 -70016 -81929 -76851 34274 62309 
-79599 30585 -20911 -84890 -12588 20836 -33298 4407 33299 17860 64446 74556 -31855 -20090 -59750 -36364 70373 -24534 -16298 24121 -92315 18714 44348 44636 -79048 -72987 1709 -60977 -49838 63073 28422 97653 -6343 -92490 -87238 8159 28346 -93447 39655 -38356 24413 4100 63289 92558 11099 -96461 83284 -18529 -93906 -33015 -94409 -86221 12789 -22972 -14496 33741 
4041 87213 -146 -18708 50285 -71725 -21056 71032 62875 -81205 -93721 -81691 -74652 45934 -20046 -23150 77123 70332 -30592 -11779 960 79781 -3219 7054 -53235 2372 20833 59554 6489 33426 -79616 -89471 20639 20238 -81090 98013 -24398 -75057 -3867 -61524 -56262 -70499 -43215 96176 75435 -36172 -26975 -20354 -65840 -30478 67867 35120 -50698 91737 -57826 -76843 
-78803 -9904 9800 27686 -76478 30184 -34696 -28750 -49579 -15786 96352 -46888 9157 -80426 -8412 -20016 -50925 48374 -23841 51600 -87799 49185 -68755 73451 45796 26202 -64340 95099 17938 -95077 45345 39136 -4981 -44856 93911 -54370 85329 -40785 -56031 62839 43429 -59679 -84049 79676 -40105 7539 -40341 8970 83002 35819 87659 22293 -87908 -81096 -4257 57888 
45106 31403 -19925 90133 -36585 -74581 -43643 58435 -19436 -49732 31154 -34108 9483 75124 55820 -47089 42534 -1140 59676 -97572 -93601 -80665 -61513 16490 55154 -73854 -61218 67246 72140 -38385 -47778 -55666 20107 32298 -65534 83523 57717 -82087 -30954 -61720 -31819 -99801 -68739 77664 2412 14171 57664 -55055 -86970 17340 -52627 46519 36675 -87050 -36991 -81083 
66186 -71120 13252 38325 -9505 65474 82659 -89398 -2229 44214 21214 -44512 62127 90260 -79143 -69693 90459 79209 35060 -7129 -6621 -80187 37816 -66502 37153 12279 80018 -99084 25229 -56974 46923 -81497 -28094 -39826 56828 -10509 -74353 39486 -72818 23419 -89212 48396 5996 72916 38655 26853 -96778 -43798 -66850 -34628 -23838 26529 -14815 41068 60028 49427 
80436 40045 -22568 -67247 10160 -75646 -48744 9155 -15472 -91917 25735 10175 -25342 52917 60683 -14554 -71599 -33322 -41639 -5855 93532 88674 -22563 -73319 81135 53599 -19700 -33681 -78245 67417 42835 -97810 -65450 -79734 -65057 44710 -55380 -13801 80954 -43763 -78629 6689 66412 -3971 86695 27095 8565 -84904 93773 -5985 9241 14393 -90223 86678 -31836 90912 
-32634 -24447 84320 -10879 -57031 27154 -8688 -22481 47420 -46656 -77772 92040 -33367 30271 -51724 -84907 -63041 41778 -61788 50744 95962 46777 65840 16823 -59209 -97831 -68784 77659 88848 -73531 68570 83303 2022 52890 -27577 44991 -19957 -9176 -77491 54553 -28742 71827 -26319 37891 -70814 -50953 -19927 93236 90825 18285 43979 86786 -34939 -63093 -69303 -67058 
-60924 89003 -89400 55013 -84529 6259 38315 17493 86238 37828 89573 93371 55741 39171 47923 -73002 -61914 -78397 -8022 -32727 -29350 72052 87598 88564 -9664 31576 2438 -17513 68483 33136 15429 34648 22138 -46882 -10339 37610 -13534 -72025 82192 -27296 -7108 -1146 -33926 -51367 65114 -86004 -24369 -96800 62689 -5301 97563 -66661 -33250 85160 -78098 -15825 
-56176 24341 66662 39396 84566 -90821 -25957 6703 -37703 63704 71402 -24147 18769 -19317 48557 -88340 79537 -85370 -39707 -28261 55716 -36986 -25061 18404 57713 99591 51743 51552 11839 735 -64274 55663 52165 29478 -4942 36730 38657 -3809 70522 28044 -40106 41924 -96104 5752 49696 52453 17413 -43679 -5828 4795 28060 -50113 67809 -97001 68291 -47390 
29679 -52877 -95839 -58482 47858 66978 24270 -72889 -3545 46418 -9070 62201 -57392 -38549 -9756 -70409 30464 -78771 35344 -19841 771 -47244 36480 94943 57551 91630 -55171 -47551 94629 40210 5059 -48604 87333 -63690 -7086 -37721 -96713 -82816 -83521 -73169 -9309 7409 89032 33299 -4051 -93635 62890 -73587 -72406 -1767 -66339 28366 -21922 -2769 23308 62719 
-11140 -4773 -84833 -89423 -64564 -52685 89063 49858 -16375 -18023 39226 -85999 -73750 55705 -59168 16941 90203 56954 77329 -13849 63319 -32693 -60347 90913 65541 -99596 19278 70708 -75276 69676 33426 -59327 -35098 -24318 78340 -72573 22998 67402 4374 33712 76468 -56401 -25197 29807 26393 -57276 73837 -56316 99678 51165 29835 62996 -81528 -3422 -19002 11102 
-75929 27365 -18191 -51205 -2960 42325 -83443 -10969 -81994 94897 16458 -31907 -10613 -79169 28895 -34145 91520 -96303 95662 -54999 73511 -3412 -11315 73189 -52248 45610 -36727 93314 69277 -28640 -68496 93348 98726 13314 69232 -4235 -44362 85789 84797 -99267 7774 -71657 -31173 97161 -50825 97722 90105 67784 28508 12856 -87215 2018 -90557 -71441 -97705 84285 
74169 92659 4688 43445 -35982 36192 -36119 -37257 76595 -66888 -14402 -67768 45990 -29606 60056 -46237 -74174 -71118 78014 -97910 53693 68118 69875 -90711 -19027 9749 11307 -82495 -34603 -59308 -98210 -60434 -66650 6478 10100 -75543 -57331 1071 -12799 -80736 34183 -112 78586 -92738 -2629 38641 -38975 23197 -5388 66128 25288 75394 34246 -4838 84683 42308 
32000 -76921 59814 97397 -36229 61604 64052 -75790 95171 -98759 -51333 -62161 2312 -37043 84193 63584 62845 62779 70846 -39785 -71492 58961 10502 -49790 25088 -64211 -74397 -40667 -41960 -89714 28731 90040 -66635 -11456 14525 -75775 -49853 -21423 -51565 72407 -20182 -2898 -89755 9219 -12851 94439 -27198 -50007 -15694 -56352 -62702 -60097 -97392 47800 -9887 -45215 
10678 -57194 14119 68718 -46908 -57151 -14154 -86454 -41518 -99630 64861 -64282 -93964 -86705 -91876 -87057 -62514 -81631 22162 24635 39897 94965 1718 51292 65702 -33895 91196 -4601 40994 -91603 50184 -48329 -48797 91392 -79612 -68616 61330 -66677 72020 -80189 -66307 36880 -44471 66820 -22736 -36347 79763 14751 -90888 1925 66475 -23902 -76022 -31808 54480 89680 
34297 -27236 -14922 -24710 -18839 62351 -45950 -40546 53743 -25562 -82073 15072 7761 17037 34884 -31456 -46084 17502 -64637 -41730 8245 42215 73021 -55554 -55861 39495 20544 95207 34777 -97888 84886 96163 -25124 97053 98543 -16873 -13507 -47408 -30330 -59765 -45880 -12403 55307 -11030 -95367 -82721 -15397 85640 34782 -52945 -56091 70116 89271 44019 -85439 -66591 
-89398 -37806 55706 -27532 -35693 -32320 -31369 -33728 -35267 94263 49399 -21685 73944 -80932 18550 -71937 -66245 -99055 -55877 65478 -81775 28726 -21794 -19904 2871 -50796 -49789 -7859 93223 -35228 -47361 30915 26966 -91656 -96618 18362 -23975 99103 84635 -32153 93365 -38878 46162 -5602 -92720 -35289 -50450 -58965 -34344 -6327 33602 -89030 49489 -88192 -8934 -47641 
88102 -31634 44500 81325 33138 97139 -60672 87194 32573 -57290 -67356 -91403 68903 -82722 -23556 -10644 -94510 49695 83754 -87230 41495 -66696 80895 -92850 -45934 14496 45211 -96446 -46607 63366 83003 -58505 -68268 27502 49909 -8041 -48270 16326 -20848 84303 -13875 -61114 19989 -44973 -43836 23522 44384 -38346 -26784 -44774 -98487 -85290 -11470 82408 48950 -30314 
-76007 -5840 -26760 -95525 -42474 83333 73060 -10742 -62077 22968 8306 -83258 66383 87459 -98956 -47492 -73656 -51878 7535 -90403 71644 79008 98342 71949 61324 26944 86659 76943 9352 -37302 -53372 -39566 -16053 -53042 -35091 41473 -69710 -62031 57820 -31787 -11974 -33874 -15044 -45591 80674 -86911 6917 34107 -38788 41541 -29207 59945 -52362 96224 31894 -91039 
23168 -54359 85904 59609 8339 -67468 -79958 19376 -20510 -15049 87938 9780 22920 -27153 5082 38036 38973 90038 92445 -53265 30217 -73550 7931 18518 67991 5813 -21538 -84372 2037 37445 -75411 52294 10176 37583 11902 45604 70115 -40967 -35021 -50396 43984 -47083 -13527 93994 25764 18644 32029 91826 -64229 -48438 65650 65988 -94899 -26420 -15495 73092 
79393 -9944 15810 -91482 -72499 -32512 -12099 -35234 -94930 26892 -89631 2274 85925 -24651 -21033 29909 28266 -7471 -49009 -45971 -88827 10109 72944 -53056 61671 38593 -87069 -6139 -87828 -75475 -33048 18654 -58330 9851 -45738 96261 4429 42163 -38974 9499 -30945 -28604 38863 -45021 46745 -82171 11977 -97901 10359 62968 83218 21532 -99835 56161 -4435 -11075 
-5247 -64415 82786 -65986 -39890 76828 52668 -71131 -13322 -93071 -74870 91107 -23818 -13844 -72305 45237 -15359 -6353 27305 -68615 11476 -60718 60574 -78166 29339 43791 -29545 29505 -49 66020 45519 94704 -98396 28305 -71283 88804 5132 8475 -82327 18899 -57507 69893 -62905 18675 -43952 -35210 91001 -32221 -14474 18306 -836 97002 -15323 -40262 45926 41105 
-96472 -83620 97699 -69431 9490 43218 -74728 -61817 -28478 81080 -73013 3743 -10446 71750 -77359 32047 41642 -40264 77812 24779 -48385 68812 92558 37141 -85794 -81189 34143 -1117 -94362 -92843 -60012 36256 50627 64776 66825 -39884 7993 19187 -1700 6604 -72645 -47624 -89654 -56002 51215 -67012 76045 -7144 -80187 -19055 44724 -28571 -50243 37282 -91431 91053 
-16818 -30199 -10064 -11180 -23042 -42987 52165 -72415 -78212 -53921 -85210 -43129 65266 -59821 63475 92621 -80356 73822 -63382 70859 33899 39752 -36286 53712 47787 35528 -74860 24633 99899 60800 15685 -16920 57690 32710 -1011 -65352 16812 -48847 89323 38601 -2768 31202 22561 89587 71382 -13965 9296 91026 86946 -26997 -11026 -52067 39845 -20223 -98355 -12369 
-84696 53875 -87737 -84798 -58237 -44963 -74629 99454 87748 24360 61191 4559 2603 50513 70249 26924 -91197 -7191 -56400 80185 5934 52896 -1700 -7121 -74101 14363 -32098 -7167 94140 -30453 80464 -90556 50511 19816 51736 19364 74853 77108 18817 62600 -71444 -19993 94249 31159 57609 64497 85173 66412 84396 -71228 -26314 -9671 81668 -925 10297 34656 
-86563 78199 -72512 -92424 74835 35041 44110 -47565 -45144 -4154 71799 56799 -27047 -9385 19398 1509 -2289 -59265 59758 -44681 -94768 44930 -78270 89628 791 -4584 -92955 -90453 94491 17342 44204 35017 -77370 -1219 42594 97465 60912 -13297 -50101 -84233 9638 48787 72566 82591 -60599 -80947 -88811 37112 -40212 -1964 19520 92110 70055 41251 8826 -29155 
63756 15871 -19608 -14664 -66787 51685 -79648 -44157 -49534 -9965 80397 -88623 3828 57386 54234 -86535 6172 -46111 96057 -27337 -99969 34335 36864 86909 59460 -43616 79019 29514 24724 -12156 -99642 -84432 -96285 -92161 -72007 64018 59525 75436 46950 37080 -34530 -45565 48457 69298 -88180 -70221 82764 -54918 -89243 5909 17745 -89212 67333 -45392 97698 26792 
-61919 3805 -43695 -10106 18738 83753 5463 22453 91592 33456 -86441 51116 8891 -12402 -11805 1451 42034 63741 -29252 53854 20610 80601 98936 31367 -13491 -56231 42156 -46159 -74533 -33058 80633 -36452 70747 -63063 53443 -83427 -79311 85995 -33884 39371 19450 -20325 -9514 55431 67274 5771 -43119 -63604 -30489 -45282 90250 90121 -64681 16275 21488 21828 
-12867 90733 2759 12600 84764 -16609 3238 -17401 -52582 83770 -828 95197 69764 65288 34567 -83698 72053 52143 -1178 39326 -42087 55703 2811 -45487 37511 -6940 -55366 72830 36424 -6789 -78254 -76443 -88968 24505 -36754 95796 34986 66484 -21606 82404 50253 77566 4689 -52895 42854 66346 -36592 14906 18488 62230 81321 3490 -54978 -15869 58003 82533 
4280 29726 -17549 67794 -77064 4197 91351 -66032 -71298 81686 56853 63688 48170 -64754 -26820 -74489 -87188 4958 -27383 -17245 -28697 -36886 24750 16880 52433 -66841 -79631 24544 17290 5462 -65835 48659 -64813 16616 16452 85214 -79187 -65109 46271 76605 -83423 3124 -32619 -8164 38370 40561 -55564 -21729 72608 17053 61026 -56089 7256 -87136 -12120 86779 
-53977 -64661 11322 63313 40801 -27423 -60939 3077 89193 55513 -11710 37095 17494 -65439 -59212 34071 37685 8169 52996 -96857 75819 97432 -18585 48427 -58426 69530 19427 48830 82395 34396 -37303 -71583 69735 1109 18820 10535 73686 57881 -86388 -10033 13393 -71009 54152 57976 -36448 94940 -7954 28326 -69802 72131 31470 -93984 69563 39974 -18468 -88864 
9503 28048 -12945 -8103 -37556 -23158 20315 -67822 77951 -60866 -30197 51636 24104 -89496 68692 64586 -60505 22843 22562 -69863 17783 41697 -14448 -24930 13828 44111 -91825 -89521 -15916 -10292 48705 93588 -82245 -64241 -87427 -92712 12601 -40023 -60533 -82360 -73800 -63641 69276 50304 -53137 37968 14890 -13642 87900 64541 -56416 5682 6237 29137 7841 47154 
-26753 16017 57633 -15579 -94276 6337 -94903 50569 -30814 -82330 -15053 81787 -95263 24414 26517 -69063 60773 -4208 8331 34725 60849 50310 -78918 48749 14850 91757 81520 48176 20893 -10639 -4670 21229 32467 -47038 32739 -34720 59300 37836 42938 -71515 -17404 -72116 37361 -12667 -20613 -36123 -54641 67249 -13241 53690 1973 74697 -68912 -49855 -49466 45938 
-58099 -67946 -5886 -10117 -51496 89444 38201 80971 69495 -29060 73340 28794 -91225 16277 -15632 -8629 44162 -78271 5793 -76452 -87305 51153 90798 -546 -68069 -80141 -98760 -36980 -29996 -48226 36047 11905 -89083 57250 28877 -40579 -26218 -32922 67481 -56723 38018 40820 -840 -26118 84187 83529 -7657 28348 32347 98136 -21015 45042 -23623 96872 71586 -64602 
-83269 72826 -1582 -13265 51689 61554 25730 62607 18804 -45394 -77973 92586 21684 16598 -64138 -40299 84507 -37888 33584 68693 -54360 -74074 -75871 5076 51151 3115 -49883 -72472 -14 48792 90016 16717 -51294 -11567 30542 -99605 77076 -43729 63002 -4121 10877 12118 -11535 -67439 55805 -48584 -80649 40312 13528 52935 -63907 -13743 5950 -39777 91333 84191 
63338 68540 38808 90413 -55580 28823 7130 -6873 44345 64761 -79389 21420 -78969 10702 -82701 31908 49909 -67147 -8442 5714 -88642 10910 73115 -48024 90934 -90793 38233 -76027 -30570 -43345 -91837 59857 -74806 46971 50270 96704 -24207 84489 -83081 -79863 49249 -62470 41557 70280 -24679 -14055 -70724 -74770 18798 20835 30944 30157 58834 -68853 82133 49767 
-59646 -52546 73740 -63126 4109 81903 23820 -43608 -44038 -25911 80186 31755 85667 97105 -21019 34915 -65365 -79462 -67717 9956 -66428 88650 -37725 52371 -63427 20308 -90384 95407 51455 18838 45173 18899 66292 -53998 55773 97491 54994 -20408 80972 -89044 -19229 61157 -30200 -33563 58262 48782 28442 92897 -3591 -12186 -70059 29981 -23537 -7783 -90560 -59875 
-87476 -80944 -64469 63980 37894 80705 -90033 -68725 53796 65740 -71235 8789 72421 -90264 -53166 -46809 70894 16635 -53282 29155 92506 2249 -50860 -83997 90063 -93830 -26927 93616 -1613 -17486 -66260 -61999 1570 -30728 29070 66554 77066 39037 97829 -42050 -68135 53683 -6172 -95715 63419 40663 84567 -38599 84387 58374 90556 3981 -39378 66785 19984 77774 
72956 93057 71389 98432 -24430 32219 -63568 4230 28580 -7409 97873 -67266 -68373 95701 -9316 -36508 49383 84512 94868 -60110 -47737 6523 1292 -63351 -35104 -81064 40630 -47393 12811 -39387 -69620 -14234 80760 28859 -88714 83419 88167 -52281 -12352 16746 -32601 -14480 -23431 -973 -91691 67253 -10392 -15219 -21147 -88436 -48239 31117 18087 53053 -5145 10072 
-922 -64515 62679 -88112 -76813 20149 -75257 31036 -50993 -63970 14455 -62827 -89162 29192 -18992 -21763 -85288 57577 4353 50111 -48082 93962 61982 -42140 -94475 -86258 88977 -49298 66795 -89079 60774 92962 73496 -49458 -95150 96683 70691 56683 -45192 46787 92713 69263 11049 -96450 -1546 92057 -91123 -59745 -23278 13230 17456 28640 -65720 -20563 13589 -60194 
-6821 2566 -82403 87063 -59424 5460 80024 -85929 56002 11963 37843 26692 -31354 92651 -99433 88448 -10998 11616 91999 87457 -69239 27965 54801 7483 -58806 -27744 63212 -24525 -21218 -23199 -57630 71961 6456 -40033 -13888 47032 65427 93226 -11808 -51482 -67723 -73966 2299 -71988 -81315 2867 -83540 -65224 41572 35548 -77768 72334 -36488 4123 -93095 -68205 
3468 -2793 7270 82251 1097 -23271 -18700 -92448 -36215 67413 -18327 56302 -12273 -3046 -95181 20004 22988 7118 48017 -31238 37074 64477 3539 -21354 24 -47140 78069 -9375 56983 84974 22420 -39549 -17820 56780 69791 83277 -66492 -48910 17918 -2706 -81498 26680 -46405 -66682 50723 85504 53323 -26289 -80290 -71572 -30438 56785 92905 73101 -64570 -79983 
53051 -86502 10642 -62878 25561 60151 -75338 34831 16930 94453 -54804 50439 -54457 63115 74822 91135 -83117 55506 -75547 67607 41009 77776 68407 60719 33293 -62032 17503 26197 38159 -19978 -26697 -81702 -79391 11034 -44580 -26740 -28816 -19917 -91910 88115 -25465 -46714 38553 -52833 43490 -59537 -61698 60374 95969 89845 -44931 36977 -5291 50565 -75216 -71999 
88533 -30623 -18713 -46220 49399 54590 -27922 -2902 -34377 27499 70358 36807 34671 5537 24921 36295 58823 90563 83463 2313 -68975 48854 89776 -73007 -34213 71934 -8941 60496 22498 15844 88497 -61881 85221 -30217 -8100 -38292 51462 63978 -14105 -82916 -81435 83342 -19020 -19675 -11122 -94099 -83380 -52299 23553 27172 -22897 -18332 -96886 -33122 8661 -31099 
-61189 26810 56486 -11602 69743 -27929 26517 54963 -31057 -81584 43760 -79596 9484 -70345 64578 -44862 -87004 -54443 35464 1875 78548 -20827 -23335 2101 33434 53768 83769 -36363 47735 -80482 -40373 13635 -26583 -83888 -97968 -56841 -84728 28549 25211 -15785 -25945 -31029 -68292 10628 -74285 96286 65766 65801 -58158 -71682 94765 47480 -65420 -28571 -50420 -4897 
52286 60438 58740 20 7045 45456 -86346 7552 -11343 42776 50711 3929 98415 -24078 15233 -27531 -28018 46941 10186 -75214 43226 -24049 90587 12158 -68641 12441 -40363 93029 83870 -63694 -11868 -36755 96744 73961 63265 -69123 19417 4009 38429 -91927 73874 -83771 -60908 72288 -80760 54325 71846 -8778 1266 -17969 -56903 71581 -14928 -66317 -16262 -56480 
-26787 43375 -63452 -42917 79681 -48231 -52583 3513 -74270 37771 -38520 -27764 68869 26998 -92602 42743 43227 -53510 15030 62467 -99185 -86035 80778 -70830 -4004 -76126 -99250 8157 84648 -15511 51677 -42140 54953 15315 -57968 -38277 67084 -10551 65236 19903 -72780 53805 92139 96089 -19197 99538 -34080 -75971 73117 80951 13586 73932 94916 -5637 30191 -82000 
18238 30942 26158 2885 42520 -95077 60745 -2528 20238 -97223 59195 -12678 -7774 -48480 -92776 -53465 -94676 26453 69714 -86784 25990 -64367 -62754 -73805 43673 50832 27217 -34323 -54806 -42593 -16322 -9479 88349 36925 93406 -42043 41848 -18760 55430 89176 -15983 -58287 -23503 3332 -6767 -89190 -23043 -74353 37263 -53330 -61137 90342 -17697 -96802 -83463 53066 
54030 43754 -81258 26314 28250 2420 43924 -56312 66434 -35581 1645 -64629 45659 84164 -75454 56765 -74123 1043 87186 -53801 -61058 -35858 -28154 76206 -62099 10710 -6364 -52706 -59003 10173 -99641 22117 81016 -80899 75520 -63645 21522 19443 -19957 -84956 83862 8777 -49585 29520 -7059 -25039 -86627 18818 3093 -99441 65017 42036 -35299 63953 18241 -70308 
-98249 38966 -23014 -57252 76229 -22655 64865 57244 -3554 40384 20688 45057 -40173 -99270 60102 70778 9508 37606 -72613 -97552 -87433 -59240 -51645 15660 -58681 -86629 -42305 -66890 4413 3025 -37198 6164 -58009 39788 48913 -81781 -82868 13777 2552 -59333 81251 50330 85725 68167 51060 -27085 38944 87657 -89480 66331 17194 50177 -92909 65549 -34163 75500 
6010 -49379 -91391 37512 -19264 98501 -56324 22727 38288 92589 -31965 -17491 -66546 -2324 -49734 -85296 -51995 63080 82871 26155 -64006 -51096 -59100 73604 -84766 -14816 23781 49415 77822 16707 24915 -89080 67328 -39387 48433 -51937 -40886 92109 -2121 24491 84697 -6997 34090 45240 17769 11445 -12966 -7137 -25476 96994 46107 -62393 -54103 87008 -88790 88222 
-27809 -37920 -35275 -49988 78787 89640 -39067 46115 77343 -90635 21267 63546 -98527 46236 -84875 13259 -60762 49215 85588 57007 87749 -27379 76960 -37728 -30385 23066 -73032 -57399 10073 65269 -69178 9353 -72652 -4452 -13545 33225 -87724 47388 -93572 16708 -16158 27695 -19747 -87596 -26070 -4621 -47248 -59742 71683 -61661 24354 59432 -61950 1313 48793 -65246 
-75621 75762 -22645 -38459 41030 -64733 70895 -4533 30815 84439 -71309 -29820 -41085 -64881 86889 42757 -10096 94231 -17750 63834 -10391 35002 31181 88382 430 -44465 -25098 -34431 56848 -76306 323 8316 26545 77679 69858 -32426 -87055 -32159 -9869 -29151 -47721 18822 -31882 -61717 -18969 82096 81040 70935 76327 90379 -38143 93025 -47531 93039 81406 52899 
75663 -43693 45558 -40401 -92909 -54120 67916 33636 -76442 -35138 28300 63593 -40208 -81570 61531 -60840 -35659 56739 -22557 45372 38834 85572 16306 15160 75950 78164 8185 -71582 -1709 -83321 8406 -26047 -27013 -46037 33552 -19922 -156 -71444 -86287 -49509 -79493 -30898 41174 -19701 -12468 -70207 -53452 51874 86532 23991 -2755 25366 9562 40641 67615 -87400 
-54107 -24201 -58982 -28727 -7521 -23486 -27685 -7445 30477 32956 -278 57410 61513 13435 34991 82020 9627 -96747 89409 97159 -66954 -64044 -23879 -80422 -12963 456 -27967 23688 -58904 -60353 -36622 -85922 -57464 4396 -14649 35015 7999 -15245 54659 65566 -82290 -45620 22975 79223 -5096 85055 -11668 -95470 88308 -95171 -98311 -78646 67875 -95101 68022 -45089 
5355 -59946 5689 -26460 -20299 69067 -85293 22237 -99449 -72853 84341 8551 11902 38999 -25884 29613 20468 24180 -64076 -84628 9235 24256 -80098 -2458 -43826 48681 -54015 -75951 -19330 -85994 -93951 86025 -45940 -61173 86655 -39149 -92107 -98639 10177 35535 -71491 -5482 71175 -32500 60606 -54710 97113 -18926 -3441 -66963 -76465 32883 -15618 70527 -69575 40557 
19208 -96501 64606 99878 -82494 -2256 12991 98656 36572 -355 -40494 -28446 -71904 69684 -92912 83695 -35799 5352 -48806 51896 -22269 -51693 60059 74291 -91567 83594 7173 -7185 54121 -35313 -66629 -99583 -31813 25066 27384 -14307 49900 -59626 -15652 -13529 -32891 -29056 -14886 -77706 -59373 -80708 -94012 -68083 24644 -42818 83813 -97625 -67422 -29039 3755 -58989 
-45446 38017 33827 35764 -97296 -5713 36181 97981 46443 -36436 -89238 -3658 -68972 -77801 9902 -74774 -6857 95016 -52480 33770 41397 -46492 -7224 93131 -62221 -96322 95506 97448 -25361 -73651 65548 -43718 64366 -73537 92047 -5841 20751 28227 -7861 94283 18881 2901 -9376 49909 25101 -99475 75135 45333 22630 -77346 -93808 91117 -96749 -1032 84247 68120 
2646 79752 -7344 4374 33190 -41796 60657 -2445 -15333 52703 91715 32507 -19071 -16147 26789 26899 13844 44502 -23193 -61056 45027 -48059 11366 94747 -98316 17558 85863 32025 -83474 70109 -72766 -53739 -23051 19890 50636 -89862 5183 11292 -65218 16940 91084 -73504 -50554 99102 -62561 3325 26001 51283 -52174 -97193 17316 19943 81839 -71319 -58222 10612 
-26671 -72360 -57363 -10145 24838 -30129 36116 -98214 16850 -86160 39014 -77967 -47779 73796 38973 -56696 27382 15508 -57594 64821 -81168 -4504 -56808 93749 -1697 -12403 -59220 -92770 -56633 -17442 17843 16696 10198 -12431 33640 -64965 -15471 96846 63911 -98622 -89315 2924 50501 -37093 -96192 -83438 -66700 31190 32071 -97205 -76901 -22008 -1709 93381 98830 23684 
-19023 -60391 -41997 -48566 22167 75846 -4781 -67636 90504 -71141 94489 -24968 -74296 -14512 -96500 63479 88412 54001 53475 19310 70564 86776 -49501 -70277 16660 -99312 7715 -85049 94069 6545 -34276 -97865 -26757 23727 -46431 95411 -73338 48788 54864 44255 4736 49353 -80713 30440 61930 49877 -6081 50342 -69034 74483 96741 28619 61258 -52761 58342 -22082 
75017 93147 -80042 69086 -73220 -87229 71221 23 -36413 51879 -4567 -9751 666 -49703 -65496 -94598 26739 80881 -37069 -11332 30757 -16061 66099 61723 -41578 -10072 -82569 46769 37168 75773 51776 -60727 68919 -1177 -91642 95699 11594 79579 -4278 75182 31457 18244 92520 59213 -4370 54113 -8296 49458 34993 -18276 -61874 92839 65664 31314 -18349 51175 
-78758 -918 -2057 -14501 -25146 76809 24772 70863 -24369 -39780 -6350 87226 66888 16461 -10504 -74566 -65295 -17985 84647 -42576 -63872 -96561 -93118 -1790 -14837 72098 -8951 77916 3411 -211 29090 -48258 98871 54123 -35670 -99187 30931 89103 71676 -93439 76412 -34674 20876 43299 81787 -89629 68733 43581 -80524 -19532 -98995 82694 -16093 -92113 -19097 -3840 
79985 71952 -25925 -89516 -28260 30255 89317 97700 -88534 -46354 98514 -30514 69838 -2722 -96864 46249 -10307 24013 -10452 98570 -38527 -41720 42150 -19051 -34162 -29756 -36358 49745 -94780 -28365 72994 12294 -56414 -52931 -50132 -57584 4413 -60816 67205 -57032 -7170 65718 12454 -37332 -37004 15590 36006 52689 66692 -74447 51258 -71835 -89077 -79503 -63797 -23239 
-82170 -73065 53595 -76949 -1430 26589 35345 -30755 747 85213 -61250 32249 51486 -94045 75217 -55684 71673 -85241 -65927 61758 -42562 -2832 -58464 -75870 -50189 19883 79385 -39266 -32531 42677 -35416 -14700 69612 45268 8351 95271 -28144 70785 -35484 -308 -16913 3266 -68060 -65428 -63690 34246 -94023 -92017 49005 67140 -3170 -93557 -35692 -34545 57663 14119 
85339 37047 1942 -47193 -20277 66526 38107 76425 11793 73547 71695 10739 44332 -63790 -89570 54508 -33434 69461 89080 2876 3706 95058 -62052 79801 62197 -38132 86244 53594 27323 -29005 -32288 12661 35131 69654 -7442 -85147 -36732 57754 18367 75062 31301 -9938 -87111 -97279 -46639 50409 57229 -52984 19869 -26603 49893 -76425 95544 14930 -96625 -15170 
76798 16708 -61577 4121 87703 6136 43871 22833 -24211 63518 -35225 39058 21272 10232 -58792 79662 -99707 81187 9472 80744 31595 -33300 -72240 -48536 -32814 4742 -24961 -37270 -80329 -94497 47560 23559 22211 13072 -72321 -62998 -80793 -1361 -13076 -77914 -37843 51699 -11767 10518 89020 -43470 -9821 89313 -62284 99651 -2854 69311 93440 24906 47864 -39375 
-70353 49992 -49556 76408 55495 25093 -34 -95206 -61835 -45266 -58204 84462 53374 28720 33637 42620 -92492 -78131 -46863 96528 -94512 43316 12930 70294 -29945 -89925 -33306 -36506 -37930 -85443 -48792 -81194 64550 -71258 95214 -52867 53835 -77731 -48072 19089 -22997 -6276 3551 -69624 49534 -62813 72996 -15869 86147 53222 -19342 18724 -3463 20677 -10982 66592 
-42159 55712 57175 19911 70269 35473 38717 -38093 64215 33931 9041 18049 56200 60969 64228 60292 81782 -32222 17758 31315 -67946 -82158 42535 45290 71065 50283 -35986 -32399 -29041 53032 61283 28801 -64168 -54454 -51289 33190 81019 14518 95098 45233 -51552 -68773 90372 31737 19285 54599 -80883 1066 49466 36875 59471 81520 54718 2005 -46101 25782 
-47713 17913 20472 -49664 98034 -91157 79137 60955 -45610 54937 -5856 -64592 -30546 -83670 80642 -55009 -52443 71013 3817 66842 -47300 22935 94998 -97835 86899 54468 10774 41616 83562 64673 94487 62939 -90326 -57952 -86726 34797 -49109 19500 -4249 -67630 -98475 16985 -32221 -29020 -39596 75510 -56940 -64949 -26389 46878 28982 26311 96902 23979 28476 83800 
-94465 66339 -47495 89098 31012 74081 -20875 -32225 -83872 -7601 -97428 94110 38988 -74588 -73521 40513 -30514 -78653 -88508 29891 96857 81643 64942 -29533 -44391 -6077 23867 -47490 44992 79432 63399 50527 45771 -84097 -33287 -96129 89985 45838 -28354 33202 65326 -98693 27311 4313 53810 -19120 -55174 -76705 2227 83408 -19725 -73827 65050 72306 -76271 -79342 
93319 47597 -99743 38310 27028 63657 -84075 99888 6649 -90272 -96242 -3367 55566 -24595 56925 -52019 -23288 -15765 52294 -69479 -7796 24209 80907 94432 -65294 88271 47694 99756 60577 71423 47504 53895 -53892 -25150 -80707 73137 -61494 -64782 73024 45156 -55054 76783 68878 27602 79277 25802 75583 83078 37127 -45035 40689 -70670 6264 21595 50851 40970 
-63046 -74367 -32186 97531 97057 -84683 -21486 -56836 -9832 -2193 43390 -44237 -39885 -56497 -99082 -67850 47375 -3114 59752 26651 -77313 -37577 -63183 -13097 -55522 77506 -56677 50742 -73811 21263 -8289 -36856 46897 59525 87764 43953 1932 -33722 14206 19189 -8826 -42404 74952 51289 -71812 2960 83440 75563 26935 -29720 -70698 49622 32704 -33881 63615 4271 
70715 -93063 -44988 96904 28200 -26188 -39953 -24904 60426 74901 46138 89447 -58822 -39656 8635 32352 -54971 -89324 -16359 -26783 -59275 94170 75869 67660 -35551 -94830 -55630 24242 98379 35074 -71488 69093 42011 -89387 -6914 97301 -88486 -19778 -27604 71941 -44878 -81466 -11524 -3700 -94033 24201 55742 78086 34877 66472 -48698 2691 60641 54260 97440 52179 
-13481 68899 -96490 -15103 3973 -67978 81080 73073 69726 -25835 70373 81240 54387 -57231 -19731 -90491 88393 68746 -67102 21449 -7054 88640 -466 54912 55111 -22075 84692 15751 -67816 82131 95020 18703 -21882 98530 30689 82091 57641 -61143 55164 27366 -59889 25536 -64305 94499 -4606 -56947 31097 -89125 -88202 63995 32324 -68167 52635 -68143 13834 7745 
-63129 -1475 50586 -30945 -92256 45605 14847 -87048 44134 72626 95043 1774 -88518 -22705 56230 -48406 29921 19014 73182 -74686 62067 4278 63280 955 95362 -4397 32788 -24915 -45450 73712 9920 -8579 99326 -39495 -12434 34160 33199 29502 47112 -95579 -70784 42154 -66716 67789 46539 89514 46472 -23541 8527 19653 -71138 -29406 51020 92142 -1362 -26530 
-85166 58515 48556 -30616 32226 -41525 -12106 31552 -53931 2549 92801 79268 -67949 39912 10778 -38733 -90846 44062 -70945 55693 -39335 75527 59241 69192 -77732 88104 66875 377 7334 -34488 73848 22168 -75973 22403 18641 -16658 7967 -93465 41983 54036 9084 34783 -39608 -31776 -98217 71170 -43419 -89062 -57680 -87275 -6280 2985 15342 -47039 99267 37610 
68154 66141 65077 -97424 58743 38924 24745 9859 88416 70475 20290 -76529 77010 -37727 77507 -86817 24145 64988 -91504 25929 -36754 -34923 -36044 5566 -22197 57676 -91449 93145 37726 -92183 -42157 -67032 1047 -77081 62635 86879 -11068 -12621 -76174 -22653 -42147 44117 818 61953 33479 -94587 2225 -42377 -2510 10721 10641 60736 75799 74597 -33698 80691 
-40638 -98058 73835 24177 36849 58767 -15765 -62105 81687 -53131 51864 -29382 -38663 75690 -24945 -53721 -53105 2962 -91769 80374 -64535 -62455 65087 32955 48267 -24273 -6309 -48846 77414 -12918 -68156 63865 -10976 -94322 -84870 -74128 64445 -635 90857 -26780 -26677 -30191 -29072 34660 -54501 -26928 80940 -80517 76034 16260 99858 38588 53806 64944 -28457 -70839 
67760 -7677 -19685 -27738 6494 12159 63216 95518 -55074 78347 48479 36460 -95200 -33576 -90320 -21876 36234 -92303 -87217 8822 -19231 20812 28305 83892 -62928 -44749 22480 17967 47284 21112 47128 -57867 40524 -72558 14395 -52983 -33310 -22389 -57466 11616 83047 18102 -51925 87847 84526 84845 -34030 20759 92542 -94157 56670 -26690 26655 -15025 84292 -9184 
40226 6771 -91218 -12490 54972 -17001 -43268 -4505 -62470 71127 42512 4220 75827 12135 42925 58873 -69764 18090 -26191 41851 -69977 -33132 -37390 -77435 -27289 -80721 -77036 26456 -68657 34345 -82729 -1341 -58885 53144 13258 96087 63232 69990 -81330 -99238 -31795 -11729 -67929 -55968 -99595 74997 29994 57731 -79825 30892 -418 -49802 97761 -10719 99853 97561 
