14 3
23
SUB 14 3
27 49 27
50 25 33
6 20 -34
50 -16 -16
38 -11 33
9 34 -46
-26 -4 36
1 41 1
-14 26 13
28 18 10
32 -39 8
-26 -40 49
-44 17 18
39 -18 19
ADD 14 3
24 -46 -6
7 26 -16
19 11 1
-25 -39 38
17 -9 -19
-15 -50 29
-4 -26 -48
6 -27 25
39 7 13
-30 -25 1
-45 15 5
-35 38 47
-1 -28 -26
17 -3 -49
ADD 14 3
-8 1 -35
-42 46 -23
-17 14 -1
6 -12 -12
-38 17 -26
-46 -33 47
19 -12 -39
7 -15 -23
29 9 44
43 10 -37
23 19 14
4 27 -25
31 -41 39
-21 -19 -24
ADD 80 67
31 26 -30 -1 -37 -19 22 -36 8 -33 -11 -33 26 50 -20 -36 -16 10 18 -40 35 -36 37 23 -41 -33 15 -7 44 -27 17 24 49 3 -27 29 34 11 43 -42 -6 -18 -25 36 48 -28 50 -19 32 17 -43 -17 -3 44 -45 7 -39 -13 16 -46 10 49 29 -25 1 18 -47
-50 45 46 -42 -45 44 -50 41 41 -28 41 38 20 -27 46 -48 21 39 25 -23 16 -39 43 21 -13 41 -35 12 -43 -1 15 -43 -41 -23 33 -36 -30 33 22 28 21 12 15 -44 1 10 26 -29 -35 -34 -36 31 44 23 -33 -20 -21 49 9 -14 -37 -27 -6 -27 -34 -24 -47
-13 25 -9 31 -39 -48 -5 34 -30 22 9 -9 3 -9 -28 -17 -16 45 -33 15 -26 -35 40 -24 -21 -38 20 -32 46 12 38 -18 -48 -21 29 30 48 -27 14 -33 11 39 -25 -37 -20 -3 -37 14 -43 -20 45 48 -39 34 -26 -10 13 10 -26 8 39 29 6 41 -43 -50 -13
21 40 -50 39 1 5 30 -20 35 -24 -7 -35 50 -11 26 48 1 -24 -29 7 5 31 32 29 19 -24 -50 -24 50 -50 13 20 40 -21 -26 -44 34 -47 -13 -15 46 -4 -34 46 36 8 43 -48 34 -37 9 -46 10 -44 33 -21 -18 33 5 -19 -1 34 18 -11 -38 42 -5
12 12 -2 13 7 45 -5 2 -4 -47 -6 -36 3 -27 23 8 34 -4 -44 29 -6 6 50 -8 -46 33 -41 -41 11 17 5 39 -22 19 2 36 -21 47 -47 25 16 -36 5 -31 -13 45 -7 37 -10 -35 15 0 21 -20 42 -8 -38 17 1 23 -50 22 12 -22 -9 30 30
-14 -8 0 28 -42 14 -18 44 17 -24 -48 -30 -18 -33 1 33 5 32 -10 47 44 -43 -37 -17 -43 2 11 -49 9 -10 -2 45 -2 48 22 6 11 -46 -1 44 47 1 -37 -21 -15 15 -39 40 -4 1 2 -45 -26 15 -46 48 33 15 16 -9 21 -37 -14 -31 27 -43 -9
-47 28 7 47 25 24 27 -47 -42 -9 31 48 3 -19 -35 -26 -28 -3 -21 36 -21 44 1 21 -19 -20 -44 0 -44 30 7 -41 -26 -37 -44 49 38 -1 18 46 40 -2 10 -42 -5 25 -18 17 -29 11 3 1 -29 20 38 2 -50 10 18 -44 -11 -26 -34 13 -46 39 -23
42 -13 45 37 43 -42 -38 17 4 4 49 37 -9 -24 -45 8 -3 26 -5 15 -8 -46 49 -2 -40 -28 -20 -11 43 35 17 34 38 -23 -13 -4 -48 -1 -38 6 19 28 -42 -40 -47 31 18 -34 -28 -37 -3 14 34 -5 28 44 -17 25 -17 -24 9 16 -41 -3 9 -4 43
11 12 22 33 -20 -1 42 -10 -32 -12 25 -16 10 4 31 40 -13 -25 -17 -19 -26 -43 -20 0 17 46 10 30 4 22 -12 32 50 -41 14 -20 8 -29 -14 26 9 27 26 35 -20 -28 -10 18 -37 24 15 -12 31 11 38 -37 6 -37 43 26 36 -19 -27 35 -44 38 31
15 -42 34 -44 -16 10 -1 35 7 21 -25 41 35 15 5 -28 -5 -35 26 9 -13 40 -33 29 -9 -2 -48 -25 -29 40 23 36 14 -28 8 14 -2 23 -1 -46 -40 -10 45 45 -46 -35 33 -35 -20 -26 -10 -17 -37 8 -38 4 22 31 -4 43 -14 35 -6 50 23 19 -20
-30 -9 29 42 1 35 36 -39 5 18 10 20 14 35 -40 48 14 -16 26 35 -45 6 -20 15 42 31 -42 7 3 -7 37 23 35 -19 -20 -49 -35 -34 30 20 0 -11 -44 -37 40 33 27 -30 -34 2 -46 38 24 -50 2 -19 31 -23 39 50 -14 -9 22 -30 23 -48 39
4 35 18 -26 -50 23 47 -37 -21 29 41 -1 45 -42 3 -2 33 3 17 -37 50 10 18 49 46 -41 -14 33 -2 -46 21 -49 5 -46 42 5 -7 38 19 22 16 -25 -30 -24 -17 -11 -9 -35 8 -43 46 7 17 -21 -29 -22 -12 8 -40 2 -22 -3 4 34 -33 -5 -12
11 -17 23 49 15 48 -31 42 48 8 -18 29 -34 -45 24 -11 -12 20 11 16 -43 -32 -7 -24 -38 40 30 46 24 -26 -50 -16 -27 23 -18 39 -13 -33 -4 -16 -8 -6 -38 -26 -1 3 13 37 -28 40 -32 46 24 11 -29 37 -33 -50 32 41 42 32 -26 31 -29 -28 -15
-26 -44 31 8 -2 41 -14 22 -11 39 -50 42 27 41 27 23 -20 -13 10 -34 4 -23 15 -40 -32 -38 -50 15 -17 -27 -50 -27 -21 31 -3 -7 22 34 31 27 -12 31 -15 -35 -13 -39 4 -16 -36 -37 0 -15 -10 -36 -5 8 44 -4 40 43 -15 40 -34 -20 20 13 23
-43 -4 3 1 1 50 2 16 -47 13 -31 -13 -7 49 3 28 -11 -16 40 13 -23 -49 2 -31 -14 -9 -15 16 28 15 -12 35 27 7 -49 -23 6 3 9 -25 32 -6 12 -25 -7 -35 19 32 -1 8 -6 -8 9 47 11 11 -47 13 -24 31 -23 -20 -18 -47 37 -17 -19
-41 37 6 -50 18 -50 13 43 -7 -6 -22 -26 9 2 -16 -50 28 47 11 -12 -50 40 -19 31 -34 11 -38 37 -36 -4 -33 40 49 -11 40 16 -11 -32 -25 32 12 -31 22 37 21 23 37 -2 19 -36 37 19 -47 34 -34 37 -6 45 23 -26 -44 6 -37 -46 45 20 -13
-16 38 12 32 0 -3 4 -14 -33 -24 40 -18 11 20 35 -20 23 18 -38 -25 -39 -44 48 -48 -37 3 -35 34 -36 35 -30 -2 23 -2 -21 39 45 -1 41 -38 -9 -4 -6 -48 -35 -22 49 5 46 -40 30 23 33 -6 25 12 13 7 -4 27 -43 16 -26 30 31 -30 -16
25 -15 42 3 27 -13 13 -5 -31 7 -7 24 -32 -31 -31 42 18 -21 -18 -20 43 5 -8 19 13 24 10 -42 4 -4 -7 46 31 -50 -2 -27 -47 28 18 -28 -16 27 12 3 12 -2 -40 -20 27 -42 -24 19 14 18 -12 -24 -43 14 -16 12 -41 -7 -27 40 -41 21 -37
-37 -36 -3 -15 -1 41 14 18 2 -39 28 -2 38 2 24 -27 -35 -43 11 -43 -35 41 -8 -7 50 1 16 39 11 -48 18 -10 -33 32 25 -18 22 -46 50 -27 -35 -7 22 20 45 -39 43 -40 36 -31 -33 -50 -41 -25 -41 -42 -7 -9 13 20 -41 48 -41 -24 29 0 -26
-34 5 -27 -11 -14 16 27 -45 11 5 48 -13 -10 -34 4 -44 -25 -4 -35 50 39 -28 13 -26 -19 -24 -17 -26 -46 33 -2 -30 -47 22 -25 -10 -47 19 -5 14 -27 -41 17 -21 42 -29 -15 34 -17 -34 33 38 -12 -39 -39 -15 -13 -6 9 -43 43 -43 -23 13 -5 -31 -48
-36 4 -37 -5 27 39 -39 -45 31 49 -44 14 -19 -28 -4 -32 -24 -26 46 11 11 -11 -30 19 49 44 12 11 -46 -3 -21 -32 -50 -42 13 27 48 25 -2 28 23 -30 -43 21 -8 -31 5 -16 -7 1 46 -46 6 32 23 4 25 -50 31 29 -2 26 13 -2 35 43 42
-2 17 -45 42 -45 -24 49 -8 -16 -33 48 19 11 -2 14 15 -47 -5 -47 -26 36 20 21 -20 34 -37 43 49 48 35 6 -39 -33 11 -48 40 3 -50 -19 4 34 45 -28 -6 -42 2 25 -38 13 -6 -48 -2 31 -11 -6 14 2 -48 12 -35 4 -33 -24 21 -5 -22 -24
14 45 -26 -33 -5 -32 -11 39 -23 7 -20 -45 -31 -10 24 -17 -30 -38 27 1 15 -4 29 -4 50 47 23 20 -43 17 13 21 -22 37 5 23 -46 44 11 48 -33 7 -48 -14 14 26 -14 34 39 29 -50 -31 -26 30 15 -27 -8 -47 10 -35 21 -28 36 49 25 -10 21
29 -50 48 -7 34 -29 -5 -31 35 38 -29 -16 26 -50 -15 11 41 31 42 -36 -28 46 -10 -13 16 -22 39 -20 -48 46 -50 -3 12 14 40 -5 35 -15 -20 19 39 2 20 -20 -32 -46 41 -42 1 32 39 23 -7 45 26 25 -28 14 -46 41 -25 21 -12 37 -49 -23 48
36 -22 -22 -29 -34 -4 41 -4 14 11 -48 -12 -39 1 44 0 44 38 42 19 27 5 -11 17 -3 27 21 50 28 15 48 13 43 -25 0 26 21 -44 38 -50 -17 7 -12 -6 -43 48 10 17 2 1 -49 45 23 -9 -23 -31 -33 49 -32 11 13 -35 -27 -29 -44 -10 13
27 -4 1 -7 30 -43 32 40 31 -5 0 -3 13 17 -1 7 -11 40 35 -26 23 33 -41 -17 -39 41 -28 -18 48 -22 12 -10 25 -38 34 -30 36 -19 26 16 26 42 -38 -11 9 -23 12 14 -34 -4 39 5 45 14 4 -45 4 27 -46 1 -46 16 42 -5 -6 25 -19
46 -45 -43 11 -3 49 -11 2 -27 17 -36 38 -1 10 -8 21 -29 -45 -26 -24 9 17 47 27 -12 12 -16 33 22 -42 -36 17 30 -29 44 43 36 -17 -5 -41 16 9 47 31 35 -46 -33 -45 -41 -8 49 -16 25 45 -40 -38 -27 -6 46 45 -32 26 -22 14 13 -29 7
-2 -30 18 -27 2 -24 36 50 27 40 -34 33 49 -26 31 50 50 -9 26 -39 14 37 23 -25 -46 -2 3 -15 -40 24 8 -25 45 -25 -2 -38 -33 -16 -39 44 40 -22 26 5 2 -28 4 -33 14 -21 46 -23 -35 18 2 37 33 21 38 9 -5 -5 34 -45 -14 49 -33
3 49 -21 -4 38 -27 39 -8 -9 27 12 -25 -10 8 -30 -16 23 38 2 -25 20 -27 29 46 18 40 29 -11 -25 -7 6 -6 -9 1 7 46 -10 -5 -47 -2 -29 16 23 -22 -27 43 12 12 -4 -37 4 33 -14 -18 28 20 -28 -28 -42 -37 16 -19 8 23 -2 -36 18
5 -25 -12 -48 -38 -47 25 -10 43 -17 18 4 29 32 24 11 34 23 -12 -30 11 11 45 24 43 -25 48 15 -10 -39 50 11 -48 -13 13 -35 -44 -47 -29 49 -14 40 -32 31 -13 9 -42 -30 -19 -38 -44 42 -11 -49 15 -19 43 -21 13 -18 -10 12 9 -41 15 -29 -26
-13 41 -39 -15 43 -50 -31 -10 -13 -6 -2 -26 25 10 -20 16 50 -19 48 47 -26 -24 9 -28 -18 37 32 -9 -33 19 -19 4 -24 -7 5 -32 -7 -9 8 -3 35 22 -13 -24 -18 -17 42 48 -19 5 10 -29 -3 36 -41 -4 -12 7 3 6 -24 35 26 -32 44 -19 -14
-48 -12 11 -1 -28 -18 2 -36 -20 36 23 -23 -34 -23 4 -47 -9 -11 -38 3 27 20 -45 -18 46 6 25 30 -1 22 -35 2 -41 -8 17 48 25 36 -38 -46 21 35 49 3 28 2 6 35 7 -16 -13 -17 -47 -41 -18 15 15 -44 -6 31 28 -24 -18 3 18 15 0
-8 0 -22 -37 37 -38 28 -45 7 46 -23 -9 2 12 -5 1 -19 4 33 47 -32 5 -10 15 49 16 47 1 -16 -22 18 -8 -6 46 -29 48 25 15 -48 48 -24 47 -12 -6 -26 -1 46 5 -48 -6 1 38 16 8 2 14 -27 -35 32 -27 -7 -1 -18 3 -40 3 0
1 35 -31 -2 -40 -35 3 5 -11 -49 0 10 21 10 -39 8 -25 19 -41 40 8 -26 21 32 -17 36 -37 37 46 -18 -48 -37 -34 -29 -23 -23 -48 30 -2 -43 -2 48 18 -32 -27 -5 -8 -1 -37 1 -46 -13 -8 25 35 -9 -24 14 44 38 13 47 -50 29 -33 -22 22
-30 24 -31 -23 38 33 11 22 -44 -45 -37 5 35 -19 -25 -28 23 50 23 -37 -25 -13 -43 29 50 -47 30 -6 37 24 -34 23 -3 -49 17 -49 35 -23 23 7 -17 37 28 -33 -33 -48 -45 6 18 29 19 9 32 -8 -13 31 -39 -34 -26 15 6 -44 -13 -47 -42 -47 21
9 -19 -7 32 -20 46 9 -37 -38 11 -31 18 45 14 -47 3 -5 -39 40 -25 40 23 -35 4 -22 39 7 48 47 -23 18 -29 -26 -39 -48 4 -44 -23 17 36 4 2 -31 -2 32 39 -50 -24 17 6 -33 6 -22 50 26 7 38 -18 4 0 9 -28 21 33 50 -11 -48
22 -18 -14 7 36 4 -7 50 -14 -19 16 -22 48 -29 -4 -31 0 -5 45 -44 -18 44 10 -2 2 -2 -32 -49 -3 -27 20 36 -29 -45 -8 23 -24 1 22 12 33 -13 40 -4 8 -49 16 -43 -38 10 30 -6 3 -44 42 22 4 26 -11 18 15 -42 -31 2 31 11 -26
-44 -38 46 18 11 49 -27 -44 7 -25 22 -20 -13 49 -40 -2 1 33 -45 39 -48 -2 -23 -14 29 -14 5 -19 33 33 5 39 11 -33 -28 -29 -35 -39 44 -12 -48 16 -15 -44 -20 -39 4 -3 44 -25 -14 46 -11 13 -18 -32 15 3 -35 -37 -15 -14 -49 46 3 40 -34
-15 -49 -40 -11 -47 -8 24 -41 22 35 -21 -32 28 -29 -30 -10 10 0 22 -6 -36 -26 -25 45 -24 12 46 -29 31 2 -46 -35 3 31 -29 6 39 45 -18 10 30 11 -6 -27 32 -19 13 -42 31 -50 2 11 42 28 5 -33 -45 -33 -12 36 19 -42 18 -29 39 39 -7
27 -1 25 -48 -22 -48 -37 -32 0 -6 31 8 -26 -2 -40 35 -11 4 -44 -28 9 -27 -24 -40 42 -15 28 29 -27 16 -29 17 32 13 -15 -41 15 -2 44 -36 8 25 23 -2 39 -1 -17 -23 19 -45 -1 -23 -22 -9 -47 -31 26 32 48 16 -37 35 49 45 -3 -17 21
-39 -2 14 43 -45 -46 15 4 43 30 3 36 -2 8 -50 -9 36 -8 -6 21 -33 42 -16 -1 -45 -32 -3 16 -18 31 -14 -7 45 17 -49 50 21 -18 3 -20 -39 22 -35 -25 -21 -34 -18 31 -26 -7 -33 -43 -16 1 7 -45 -14 20 -12 18 -34 24 27 -40 -10 29 -40
28 -40 -21 -43 39 -49 39 30 47 21 29 28 45 -29 45 -48 -29 -38 -25 44 -2 45 -19 32 -39 21 8 38 28 -48 48 5 30 44 -22 -16 45 -34 -37 41 38 42 -16 -2 29 46 -34 17 -43 -9 10 5 -48 7 -14 30 44 10 17 21 13 -19 42 -8 -26 36 26
35 19 5 -9 6 -37 -8 20 42 -13 37 -26 -6 44 0 15 12 -44 17 -9 17 -24 25 -13 5 22 46 47 12 31 -12 -4 -1 10 3 21 23 45 -43 -20 -19 44 5 -9 3 -46 -45 -35 28 22 6 -6 15 47 -3 -31 18 -8 33 -21 40 37 -9 -46 -4 45 -8
35 5 -1 -35 3 -8 20 44 45 -10 50 -41 34 -13 -18 -23 -49 45 25 -29 13 33 -47 8 -12 6 50 -7 -48 10 1 37 -36 50 -49 17 -43 -13 11 -49 -6 -24 28 -23 -21 26 5 48 20 46 -32 49 -6 38 7 -1 -7 -28 8 -39 32 -42 49 12 -43 16 46
-36 20 -28 32 -37 -36 -25 -44 -7 17 -23 -10 -47 39 -26 -49 -17 28 -26 -2 38 -38 -45 49 10 30 13 -28 37 46 -33 17 15 -11 -36 -6 3 -10 0 12 -44 -6 19 26 -18 43 28 15 -13 18 29 41 -3 34 39 -44 13 -32 -22 -35 30 -39 -2 -40 -34 13 4
-15 19 20 48 -9 -37 -18 -33 -4 -26 11 27 -23 -22 -28 -33 25 22 23 -2 -49 7 -8 -34 -14 4 15 -4 -14 44 16 22 12 -49 -15 -48 -35 17 -31 -23 7 30 20 1 25 42 18 -35 14 -10 13 15 47 -45 -3 49 9 28 -6 11 21 -41 49 49 -39 50 -49
43 -18 -30 36 40 17 -29 -44 -43 -37 24 -28 -7 31 36 24 -7 41 37 -8 -35 15 36 26 -49 12 -9 -50 -11 -10 -49 48 23 38 33 -22 -30 -47 -16 -23 33 24 0 42 4 -49 -19 48 42 -32 -11 23 -1 41 -36 -34 -32 5 -34 7 46 34 4 -16 -12 -48 12
-26 23 12 2 -29 -15 18 30 6 19 -40 3 -24 45 8 49 -7 -36 -38 10 -17 -16 -8 6 -21 -24 27 -21 -20 -5 7 4 -33 -32 22 -45 -31 -11 35 25 24 45 44 50 40 -33 14 49 -18 27 -26 -19 27 17 3 -45 9 -21 -50 5 25 7 -42 8 -9 31 13
-24 36 -3 -49 10 -42 11 -25 14 29 40 12 27 -18 3 24 -42 -31 -24 30 -6 -28 30 49 13 -48 23 -30 -41 3 0 -15 -45 13 -48 -19 21 14 6 -50 -8 -39 -21 35 -41 32 8 -33 17 34 13 -40 -45 -42 25 18 -40 -3 5 36 17 -46 -29 22 -17 -27 19
21 37 -26 21 45 -48 16 29 -39 -3 -48 -21 -37 37 8 40 8 17 -20 43 -7 -6 -3 -21 -40 -33 -34 -2 0 -11 -34 37 43 -44 8 3 -42 -27 -18 -30 -13 -16 -35 -34 37 23 23 -39 -45 -48 -47 -35 -4 -34 -40 -28 50 -24 -14 -1 -19 -32 -48 -27 -25 10 27
50 -1 25 -31 2 25 -50 19 -22 -10 -43 -11 -39 -41 -42 -24 -28 -26 -14 -40 -27 -22 -3 -12 10 -19 -10 -1 6 16 42 6 32 -18 -9 -17 -43 -8 18 -49 32 25 -10 9 1 -36 36 -11 -12 38 -1 -23 -34 12 15 -8 44 22 7 -35 -47 -1 21 35 31 29 35
4 -30 2 5 18 -23 11 -24 -6 25 28 33 29 16 -19 -45 -2 10 -13 40 -31 25 -4 -16 28 11 22 13 -42 0 -3 12 -14 15 34 -47 8 -6 46 -49 36 24 34 14 -11 32 -14 3 -43 23 -8 -24 -3 4 -24 -26 -35 48 3 -27 -37 16 1 -1 48 -16 2
5 -5 -36 -27 -20 38 -44 10 43 4 46 -5 11 18 3 3 31 -44 30 22 38 -7 41 27 7 -27 45 -45 -30 -22 -26 -9 -11 -12 14 19 -25 21 -21 34 41 -26 45 -32 9 -3 21 -45 -31 -34 27 24 10 -16 0 33 7 -40 38 27 -11 -39 -33 28 -35 32 -37
-44 -32 -42 40 25 49 34 43 -27 47 14 -21 33 -4 22 6 -45 -45 22 38 12 33 -8 -46 38 -31 39 -19 -15 -14 -6 -9 -30 2 -19 45 -33 31 38 -10 -6 -33 19 -24 13 -9 32 -15 -4 -31 -28 25 -49 -20 -5 39 0 -17 -30 35 19 -20 -25 39 -1 -28 34
16 20 -13 -45 -37 4 25 -11 -34 -35 37 -33 -23 -45 -10 18 -43 -14 -37 12 36 -38 -2 -14 32 29 12 -14 -23 0 36 43 -31 -28 14 49 26 -12 -13 9 -31 -27 26 -37 46 32 31 -48 35 10 -20 20 23 29 -44 -30 -27 -16 6 -34 0 -8 25 -14 -20 -12 -16
23 27 -12 48 12 -23 -11 25 -28 38 -28 41 22 -2 -29 -9 -30 16 -37 -44 5 -37 13 21 14 21 -5 50 17 -1 50 -11 -25 -13 -14 4 15 -8 -22 37 -21 -34 28 -50 15 15 -9 1 -20 -29 8 35 -16 37 -29 14 -27 16 13 40 31 -21 46 -44 16 -19 -24
47 23 4 34 18 -13 -23 18 -49 42 26 -32 38 47 26 -12 47 12 9 11 1 41 40 -9 21 -32 -14 -7 35 -17 19 -3 23 40 -20 -10 -24 -27 -42 44 31 34 -39 18 -4 4 -45 -8 32 -20 -48 -17 -30 43 -10 42 27 26 -16 -23 25 -47 25 -37 9 21 4
35 45 -22 -6 25 28 5 -41 40 -42 31 -19 41 -39 -50 40 -19 9 -21 -28 -15 21 -27 13 -5 43 -13 9 1 -43 29 -15 18 23 29 -41 -34 50 -32 -45 25 49 -48 -19 26 -48 -30 -43 -23 -1 46 13 -31 -32 42 -20 27 45 5 -23 18 50 -22 -14 22 23 -5
4 23 -21 -25 -3 44 -22 -6 20 47 14 -7 41 -38 -12 3 48 -27 -40 -23 50 -46 -1 44 22 -2 -29 -43 37 45 -32 -10 17 -3 -18 30 -9 -24 -27 27 -28 3 -31 29 -19 7 48 -22 -4 -43 -29 -38 -39 20 -45 34 -32 -24 7 -46 -30 -8 -40 3 39 -8 -18
46 18 -29 22 7 24 41 -15 -46 -36 -17 49 -24 -44 37 -12 -32 6 -7 18 -10 -14 41 -40 6 -18 -29 26 38 -21 24 33 48 46 -29 -30 -15 28 5 -44 42 4 21 35 11 7 -28 -5 30 -18 29 -31 18 19 -20 40 18 -33 15 5 -4 -11 -47 -7 -50 -26 -21
-49 -48 1 -43 10 -46 29 -6 -19 -49 -17 -8 31 15 -30 -50 49 40 47 38 7 -37 -31 28 9 -26 31 19 -26 22 48 -25 24 -2 50 50 -31 -6 -40 0 -5 -7 43 -24 -43 29 43 -45 18 39 9 41 -49 -6 -16 10 18 -35 -22 8 37 43 0 -24 -10 -1 42
9 9 -49 26 -47 -6 -16 46 -33 -38 4 39 -3 -42 -36 -13 -41 8 -12 -14 43 3 -20 0 -45 -28 50 48 -21 -36 5 38 23 7 -21 -7 17 13 -46 35 26 -25 -11 -28 -17 3 -25 -7 -39 13 -5 -47 32 25 -31 3 14 36 -34 43 16 22 -4 -45 45 -8 -2
11 -46 -32 -39 -4 -7 1 18 -7 -47 10 36 31 39 47 0 -13 -13 20 40 -50 -29 23 9 37 -6 22 42 -46 -37 -45 -19 34 41 -7 -20 -17 10 14 26 13 -27 -23 -40 29 40 10 -35 -23 46 -46 44 -34 27 3 20 37 41 11 7 -47 17 39 37 7 -19 -34
6 41 31 49 -31 20 42 -21 -2 32 6 13 25 1 -16 18 -16 27 -30 -47 -20 -40 -20 37 30 13 25 -17 36 -45 -1 -8 12 46 -44 32 -18 14 27 30 -39 -18 -41 36 0 -7 4 0 36 -10 3 -35 -33 -1 -48 13 -38 27 46 48 -1 -39 -45 -40 -44 -39 8
-46 -8 -49 1 -31 -17 10 -45 -1 19 -25 49 4 -19 -33 -14 -36 17 -12 28 29 31 23 26 -21 34 32 -44 7 9 -20 11 17 -19 -39 37 -19 -13 8 30 -45 -1 -5 -24 -4 -22 12 11 45 16 -12 -11 -4 27 32 -8 -23 -21 -2 0 4 -6 27 -29 26 5 24
-44 42 48 2 14 -38 13 6 8 42 -33 -32 36 33 -28 42 45 16 23 -14 43 18 34 -42 -29 -22 35 -42 20 -11 -2 -8 48 -39 44 -23 -27 7 33 32 -2 16 50 50 -2 39 7 -8 4 46 -5 -38 13 -22 -30 1 -28 21 9 8 -40 24 50 24 35 44 -50
-42 -34 -1 40 -20 -36 5 46 -22 -41 3 20 13 -2 -36 -9 28 -41 11 -22 48 -18 3 6 -42 -24 -29 -2 28 -36 -36 36 47 13 -9 -24 27 12 -28 -46 22 -9 -10 -50 39 -29 -8 -18 47 19 10 10 17 -37 32 -9 -45 -47 39 33 34 -48 -16 31 -19 25 23
-43 -47 11 28 25 -49 35 25 7 -45 33 39 -49 2 -35 -23 -32 45 -41 10 50 -38 -36 -1 12 34 -1 -8 -36 -26 32 39 44 -8 -18 18 -40 -34 -42 17 -29 42 -29 39 -7 -14 -34 -23 -20 42 3 47 -47 18 -39 -19 1 10 24 -19 0 -29 36 -7 13 -32 27
-11 -16 36 -45 6 27 44 -40 36 -21 43 -38 -24 34 16 -28 3 50 50 35 -34 9 -26 -3 -41 -5 -17 -32 24 -33 46 -37 1 31 35 23 -27 28 34 -42 24 -8 37 50 -24 -32 38 29 -33 3 -21 50 -39 3 -3 37 14 -4 -45 -46 13 -50 34 30 -3 -16 3
20 29 -48 -6 2 -6 47 -33 -14 -35 21 32 49 -27 -40 49 -16 -20 -39 38 10 -27 43 14 2 9 -37 -19 -45 -2 0 -9 -24 -32 35 28 -21 31 11 15 12 -19 -38 11 -30 40 -25 -30 -31 -14 -43 29 -25 16 -41 27 -26 -28 -43 46 20 -26 -48 46 -8 3 -11
21 -16 50 -48 12 47 -36 39 -34 -47 -37 -13 39 -35 -6 -16 -10 27 -41 -34 -50 -19 41 13 18 -36 15 -21 -28 -32 -15 10 -32 -16 12 30 48 -8 19 -37 -38 -2 -34 -50 14 -23 -50 20 -47 -41 37 20 -9 27 -18 25 7 48 -47 -5 32 -12 -46 50 -11 -18 -5
-48 25 30 -35 3 45 49 -31 -26 -25 -30 44 -22 -21 30 48 -14 -28 47 -40 -5 10 31 41 -9 35 45 -44 40 44 -33 42 -16 14 24 37 8 22 -45 32 13 -25 25 41 -29 -29 4 7 -41 -34 -16 5 26 31 -39 33 -19 22 39 -29 15 23 29 49 -14 2 35
10 -27 7 -43 36 32 -2 -8 19 19 13 43 -5 29 43 16 -29 23 27 -47 20 -2 43 41 -37 -19 -14 28 -17 38 13 43 28 36 50 -21 17 -37 -12 -48 -1 -50 45 44 -5 37 9 16 -25 -15 20 11 -1 -22 -32 -22 9 4 -44 42 -9 -15 0 -32 -30 -35 -2
3 -22 2 5 27 2 -35 -14 13 -49 45 46 43 46 -19 4 -5 9 22 23 34 42 29 -9 -18 30 7 -33 50 22 -19 3 16 33 -43 -7 -50 -27 29 13 41 -10 -26 0 -15 5 20 -4 -37 -43 36 13 49 14 20 -20 -6 -24 -37 -41 14 -6 12 -20 -24 -14 23
43 -25 -33 6 32 -27 -4 -19 9 -49 17 21 31 24 6 -40 22 37 30 19 47 23 -2 -45 -14 43 18 16 35 20 -46 28 45 39 50 26 -39 -5 24 -14 -4 -44 -43 44 31 13 -47 -32 -1 33 3 -5 5 -49 -33 8 44 35 -27 -6 -30 45 -29 -36 33 37 6
44 -18 46 47 -6 -48 -47 -13 -1 -18 -10 17 32 40 -30 43 -40 -29 -41 18 31 10 8 -26 30 -32 -38 10 -50 49 33 10 -20 -6 -28 -9 -4 -25 28 45 8 35 -22 -45 -10 -2 14 0 -15 -10 35 -35 50 -42 -45 -4 -24 -33 22 43 -34 -30 -32 -38 15 -9 3
-40 16 48 22 40 -2 50 45 38 -37 -25 -47 -2 15 4 -21 -20 12 -16 26 4 -32 -36 -4 -16 -16 -19 -38 15 22 16 26 -47 -21 -37 10 27 -38 -30 14 -25 -5 -17 -11 -41 38 18 -10 -35 18 32 20 36 46 32 36 47 -38 49 11 0 -20 -48 -30 9 -35 -4
-15 44 16 15 35 28 14 -27 37 1 41 43 -17 9 25 -48 -6 -14 0 47 49 -21 45 10 -5 41 -22 15 -1 -40 27 0 -47 -41 31 39 37 -6 -39 23 12 -48 16 45 -23 -44 13 -13 -8 -38 -17 -9 -9 44 17 37 34 45 -33 -18 -46 45 -2 25 20 -22 13
6 -11 -10 -22 17 -42 10 11 -15 16 40 -11 25 -49 22 -35 -41 -18 -2 12 -35 -8 29 -36 -37 -11 12 38 -42 7 -34 14 12 6 9 -22 15 35 5 16 -33 -6 -46 42 -39 -7 23 37 25 -30 -2 40 -22 44 20 -43 49 49 45 -43 -29 27 -13 33 -17 12 -40
14 -37 -19 -21 -20 25 -16 38 2 -7 10 -11 -33 -4 37 23 -10 -4 -7 -2 -5 -9 -42 2 12 36 5 -40 35 34 -30 -2 47 1 27 43 42 27 30 -7 -31 -45 -2 -48 -33 -49 26 7 -3 -32 -46 42 -25 -37 -41 3 49 -19 13 33 -36 -1 47 27 16 23 19
ADD 14 3
-36 16 -49
-31 31 -46
-48 32 30
9 45 14
14 37 5
-7 12 -43
-9 43 -14
40 23 35
36 -1 0
-26 34 23
-44 48 -46
-42 33 35
29 35 16
-26 -40 -23
ADD 14 3
-37 -42 33
-9 -35 40
-50 1 29
23 -49 -20
39 1 4
22 -27 -23
-14 -23 -49
-32 29 30
20 -40 -47
30 -13 7
-31 -34 15
18 8 -4
7 8 47
-49 47 48
SUB 14 3
-36 1 7
-47 28 43
-20 29 27
25 -26 -38
36 -23 8
-28 0 -7
-11 -36 -40
13 10 17
-30 -28 18
33 36 15
18 50 -34
41 -48 10
-1 50 -45
42 24 -21
ADD 14 3
-27 12 -2
23 -45 37
38 32 -35
-37 -1 -49
-14 33 34
38 -2 1
4 -20 -43
6 40 6
-29 11 -36
12 41 -32
37 -37 -4
-16 36 -33
37 -11 50
-49 3 -2
SUB 46 61
-42 -6 20 12 -10 28 35 47 50 -45 7 -37 -17 -3 48 -30 -24 -6 -30 -38 11 -43 -33 -24 25 20 -10 -6 41 -13 47 50 -3 -18 11 38 -41 -5 34 26 -33 -44 39 0 -30 3 20 -4 47 7 -26 -27 14 -8 0 -46 -39 6 -36 19 43
-40 18 -44 -41 45 44 -32 -44 -7 44 -27 -1 -1 23 19 -49 -41 32 14 16 -45 3 46 -3 19 16 -25 -25 31 44 -33 7 -23 -27 16 38 33 1 44 42 -6 -34 -43 9 6 -8 -24 15 -27 40 47 -21 -7 42 -8 -39 -27 17 -48 -47 -24
-30 11 3 -41 -24 -9 9 27 -16 -34 38 -33 -27 -38 23 16 -11 -47 5 45 50 0 -47 7 43 32 30 9 34 34 36 20 -40 -46 -4 -48 -39 -46 -4 -38 -30 50 -21 -40 -39 -49 -8 -34 -46 47 28 20 -3 31 -24 -45 -22 22 14 -38 -29
-35 32 -19 37 -23 -50 48 48 -4 -41 35 -5 -46 45 -28 -45 -14 -45 26 49 33 -39 -39 -21 -47 -34 8 26 -3 20 47 -22 -33 45 -36 -39 45 29 -42 -44 4 43 1 9 3 -11 -20 39 -6 23 4 43 34 15 -28 38 32 -4 -21 -22 32
42 6 49 36 -13 -41 -4 -35 35 2 19 -7 19 44 47 -42 -26 1 -32 47 -46 -39 -4 -14 50 50 -33 -39 -22 -39 43 -30 -17 7 -45 20 -17 -32 35 -33 20 -30 -24 -11 -37 -28 -37 -47 -10 -19 16 -40 -42 -38 -4 24 28 -21 35 -44 -10
-7 -24 24 -50 48 -7 50 -35 45 33 2 31 -42 7 10 48 20 14 -47 17 -21 -37 -8 -43 10 -35 36 5 17 8 46 -41 34 -15 26 -3 -6 25 -21 -12 -27 31 35 -18 -13 -5 46 23 -42 49 -11 -47 -39 31 28 -13 13 -21 43 -21 37
4 -46 -14 39 -3 -1 -18 38 28 -13 -39 -26 -29 -7 11 -18 -46 50 -44 -48 -11 -40 -37 36 4 -33 -2 -1 -41 -7 -49 13 -36 -13 -33 11 2 -35 -2 -20 2 -25 -30 -10 -16 -2 22 -12 -3 -5 -10 36 5 4 -12 25 -13 2 -27 -4 46
-26 25 26 -23 42 -14 29 -44 0 25 -25 26 46 -19 26 -7 -48 -36 6 -37 4 -42 18 24 -4 -42 -40 48 48 -28 9 38 47 -16 -36 4 -14 10 11 3 -50 2 45 12 33 20 -46 1 34 11 15 -46 -15 49 28 31 24 5 -6 21 27
-47 9 24 -47 -11 -23 -44 15 4 -25 16 -45 -31 -23 4 5 49 -45 -45 -25 -14 -41 10 -16 37 -44 24 -9 0 -5 -32 -31 20 8 -27 -42 1 46 -10 -45 -30 -45 27 -45 49 -19 10 13 -48 15 38 -46 -10 -37 -46 44 -31 29 -50 20 -27
35 39 9 -8 28 -17 44 -11 23 15 -25 -6 -9 -20 -41 -12 7 22 -44 38 10 -40 -22 23 -35 -29 9 10 -29 -22 -1 23 33 -43 -36 -23 -10 24 16 30 -12 42 -27 30 38 -18 34 -6 -46 41 -18 -20 17 -24 19 -2 -37 -23 -43 -50 -29
6 23 21 -21 4 48 20 -23 13 -35 16 -30 -12 -39 -42 -13 11 -32 -43 1 -34 -13 35 -8 -45 -18 5 50 -44 6 37 -22 45 7 8 -2 4 44 26 34 -42 -43 -47 -38 -32 28 -1 -5 47 6 13 -38 9 -3 -29 -19 -5 26 -20 1 48
-34 -4 43 24 20 -44 44 13 32 27 -13 39 -3 -35 23 41 15 -32 37 37 31 16 -4 44 3 -7 -12 45 23 6 43 5 18 1 45 -13 7 5 16 -45 -19 -48 10 -6 34 50 -15 -2 34 38 -49 -20 -31 -37 -27 22 6 -23 17 45 -1
-25 -1 -34 -8 -40 3 15 15 35 20 12 3 47 -44 -13 46 -43 1 29 11 2 -42 31 15 48 -32 -30 -26 35 -36 24 26 -20 6 -33 -10 26 -1 21 10 35 49 -37 31 21 -34 -8 28 17 37 -11 -31 11 36 0 8 -47 21 -1 5 1
39 -20 31 -6 -36 37 36 -21 -27 -4 -37 -28 -25 45 43 -9 -48 -13 -43 40 -8 43 0 -23 -7 -42 -20 30 7 35 -20 -39 32 28 5 12 -20 -9 41 -30 3 -47 -42 -6 14 17 1 17 -47 8 -28 -5 -33 22 22 -24 -4 19 -45 19 -31
-49 30 17 -5 -49 -22 -8 -42 35 12 11 39 20 -46 -32 -48 5 1 -44 29 23 -33 12 -5 40 38 7 -26 43 -24 -7 11 -45 -40 -45 23 -46 -3 31 40 25 -9 28 -40 -39 12 -37 -18 -37 -31 28 36 -48 -11 47 42 44 4 32 2 -4
-25 -38 -33 -49 -32 41 -45 -19 21 45 -44 29 -12 -34 40 -50 -21 39 30 -36 -18 15 -33 21 -22 25 -20 -2 7 33 44 -2 45 -40 -1 -38 17 4 -40 -12 -1 -34 -34 3 -18 22 3 -22 10 -18 -8 42 14 -25 -21 8 -50 -25 22 -27 -43
-19 21 -48 -43 -31 31 25 -11 41 -38 4 23 45 -43 -45 16 -24 50 43 9 -9 0 39 -17 -5 -38 50 21 34 -28 28 -36 43 -4 -29 28 44 46 -34 0 24 21 -27 18 -6 45 -50 20 44 43 45 -50 -42 33 -17 4 11 -18 -26 -6 4
18 -26 -38 -36 -38 6 24 -43 -11 -27 -2 26 -4 32 -31 -10 32 39 50 -10 34 -50 -1 -18 -17 19 44 -18 43 -47 2 10 45 15 -10 -44 37 -37 30 -25 -47 -23 -50 -1 26 36 6 7 25 5 14 -26 5 29 -28 5 -3 32 37 -45 2
-12 -19 -4 19 -12 2 6 1 -19 -3 -30 -25 -2 -14 -50 -17 8 -27 24 -38 37 14 -16 -19 3 5 28 -16 -9 -1 2 -5 31 48 -36 -32 -1 -14 -15 -3 33 6 22 47 42 22 47 -1 45 -14 -23 32 -50 -23 29 3 32 7 3 39 -45
-45 -50 2 19 31 20 -32 -34 -45 15 15 -23 -14 12 35 -43 8 -17 18 10 -24 -1 10 -30 45 29 18 -33 49 7 39 20 -27 -9 -12 -47 -40 6 -31 32 37 34 25 39 -39 9 46 -15 8 14 46 1 29 -29 21 -11 -50 -12 6 15 11
-5 -16 34 36 22 37 12 45 -45 -40 31 6 35 -14 -17 -40 -19 19 18 11 14 -32 -44 35 39 -5 1 -23 18 32 4 -38 -35 -12 48 4 -26 -25 -2 47 -15 45 -32 37 -20 1 47 -22 -31 -20 5 -1 -1 -23 -50 -47 -11 1 47 -44 -17
1 -32 -36 39 32 18 29 -44 -35 25 -42 27 43 45 -44 -6 7 -50 -21 37 6 29 -15 33 29 -45 -29 46 -49 44 45 -32 -39 -41 -44 9 -7 36 16 -25 -24 24 -49 -31 -16 24 -21 41 25 8 27 47 -48 29 29 31 34 17 -7 1 10
-13 20 -12 -38 -8 47 -28 -23 -22 -3 -30 18 -36 -11 18 38 18 8 -22 42 -49 -26 45 -4 20 -9 46 -14 34 -4 12 38 32 16 16 -26 -21 38 -33 7 -50 -13 42 -36 26 9 19 -41 34 47 -49 35 -29 46 -20 41 -14 -25 43 37 -13
-30 24 -31 37 -45 -7 32 44 10 -12 44 14 46 25 -11 5 -7 -35 -12 -11 -34 39 -24 28 -32 -34 30 -41 25 -18 -4 46 22 -19 -2 28 24 -21 21 -50 -17 -20 14 -21 -46 19 34 -37 34 38 3 16 26 29 -41 10 12 6 19 -14 38
31 48 10 -38 -5 -13 36 -10 24 2 24 20 -35 19 -9 1 2 4 -16 -45 23 17 31 -32 26 -10 30 48 25 32 36 -29 -4 -39 -17 41 -2 36 48 38 -13 21 7 -31 -11 48 20 7 -32 20 -22 41 -14 -42 -42 29 -36 38 26 5 -14
-23 26 32 -12 26 -12 2 11 -49 -45 14 22 -21 33 27 -24 -32 50 -6 5 -23 -49 7 -49 -41 -15 32 14 28 -14 50 21 29 -3 26 4 1 44 -36 3 50 -6 41 -22 44 18 -30 -39 -17 -19 -18 -23 -18 40 -22 -9 -26 27 -46 18 -38
20 -11 7 33 31 -40 -16 24 41 3 23 -49 -7 -50 45 27 38 22 -40 -32 -46 -13 -34 44 -19 7 34 -43 -22 2 37 48 7 -7 -3 -13 -30 31 -40 27 -17 0 28 -8 -34 22 -31 -47 -6 46 38 -36 49 -47 -43 46 11 41 -47 5 -8
6 -32 15 15 15 -49 35 -39 29 -22 -40 -22 22 3 -6 -40 -12 -2 -30 50 -15 -16 14 -45 -9 9 -18 -19 -22 37 -10 34 -46 -46 -1 -14 23 50 -3 1 -23 8 -5 16 27 39 26 31 -48 46 30 -46 -21 -7 -41 20 18 -9 17 47 44
-44 -4 14 28 45 50 0 11 -3 17 4 21 28 -31 -3 -18 45 -23 -15 6 23 -45 35 32 -36 -30 -1 -29 38 -39 -36 10 8 28 -13 -32 -6 3 -5 41 36 50 -23 13 35 24 46 30 17 47 -49 -11 -49 37 -30 32 -44 -15 -48 10 -3
33 -30 21 -24 7 5 20 27 -50 -24 12 16 3 42 0 43 37 46 -25 33 48 14 0 0 0 -19 -28 36 50 33 49 32 -48 -15 24 -25 6 -40 -49 -28 -48 14 4 -28 5 21 -36 -43 16 -10 6 -21 20 -45 -5 37 -48 18 -12 -49 0
-48 -1 -32 -13 -28 -7 9 49 -5 -2 -49 25 -49 -27 46 22 -47 19 -46 -7 -26 -17 30 46 -5 16 14 -38 -47 15 -22 -45 -37 -4 -42 -49 5 -17 -50 16 31 -49 -44 33 41 -49 4 44 -14 8 -47 -24 8 33 -29 -48 -36 1 31 -33 -35
-42 39 45 -30 13 13 25 46 13 -43 27 -20 -37 9 -30 32 29 30 -33 -13 33 -6 11 15 -19 -21 -5 33 26 12 14 34 -34 9 20 29 38 -40 25 -34 -33 1 -38 48 26 -18 29 4 28 46 41 11 -11 -33 42 21 -4 -13 -31 -29 15
33 21 32 -43 -44 -24 45 34 -50 -40 17 -33 -28 14 43 -30 -8 -3 49 -46 -47 -25 -7 38 -34 30 50 3 49 38 -32 -2 -26 16 5 -19 42 0 31 43 -24 -3 26 -35 -39 19 -49 -31 32 16 -27 35 41 -17 -12 -43 29 -12 10 -6 -25
-6 42 -1 -41 -4 30 -49 12 10 10 5 24 -15 20 1 20 21 20 1 -47 10 -48 44 9 -10 -50 -13 28 -23 31 -48 21 22 2 -3 35 48 -36 -4 -26 -10 17 48 25 -14 -36 -39 24 34 12 27 -41 -20 20 18 21 -13 22 -36 14 -32
34 -50 7 -49 -37 -9 15 -23 3 39 17 -30 2 -42 -28 16 -31 12 -34 -3 -12 42 28 25 -24 -36 28 48 45 -43 32 28 24 -12 -5 38 29 -40 31 49 49 -2 35 -33 -28 -44 -1 -43 19 -19 4 23 -27 48 -37 -1 28 41 -38 -11 14
44 -34 -12 -18 12 -25 27 22 -45 25 -14 -31 9 -31 -9 -18 19 -2 17 50 19 -11 -28 -18 -31 -13 -40 26 -1 -1 -10 -7 -19 28 -9 9 -48 -33 -20 24 9 -17 44 34 2 -50 -35 -30 -1 32 37 34 38 25 -35 -44 -38 -25 32 11 -10
-29 20 22 15 -40 -20 17 45 -23 -43 3 -24 -50 -14 -6 -50 2 -19 -35 50 -33 15 37 42 31 9 20 22 -9 -19 -38 -22 17 0 44 28 30 -24 22 23 -17 41 15 50 -24 -41 17 -6 -10 -2 -6 7 -37 47 -36 44 6 35 15 47 32
-7 41 -2 43 34 42 -11 27 -21 -39 26 -31 -7 26 -38 2 -42 6 42 6 16 -36 -15 13 -22 45 -32 29 10 31 10 -48 21 25 12 -29 16 -50 48 12 28 23 31 -30 -36 9 22 39 -35 -21 -5 31 -41 -4 -41 -46 -9 -23 33 17 -43
-41 19 -5 34 -20 16 -1 47 13 -40 25 -49 8 45 33 -34 -17 21 48 -22 32 -5 -12 -22 4 -8 19 -2 -26 -15 -29 50 20 16 33 17 -19 49 13 10 -42 -13 -22 -18 49 -40 -35 48 31 29 -25 13 -27 13 41 -6 21 -25 42 12 10
29 11 46 -5 -6 12 -8 -8 42 -48 -34 45 -20 -35 43 -44 -20 40 37 -42 -35 -1 49 -6 -45 -8 -35 -20 50 27 6 28 -13 2 39 31 30 -19 39 21 50 -45 16 46 -30 -26 -49 -34 31 38 41 46 -47 39 -45 25 47 -30 22 46 47
-23 -10 -50 -5 -22 -3 42 -25 -14 -22 -26 -9 44 -31 -23 35 37 -7 15 -9 50 -24 -40 39 -19 35 35 -32 -28 -3 31 0 37 31 11 31 -22 -32 -44 14 -3 -20 21 -44 -34 48 41 -48 -44 -29 -41 -45 -3 -31 10 -5 21 -39 13 43 -26
-7 -42 -40 -26 20 7 -32 4 13 32 -50 10 -32 -43 -8 -35 14 -40 38 36 -30 9 49 -11 36 -7 -41 47 22 -48 -30 -35 27 47 -45 -4 -31 -27 -50 33 21 17 -42 39 24 0 20 -46 10 -27 40 -4 -2 38 2 -17 48 11 46 19 -21
32 0 -44 28 5 -32 14 -6 35 -38 31 -32 -30 -15 8 -14 -46 12 12 44 1 -42 -8 -45 10 25 -48 37 21 -13 33 2 38 5 47 -42 23 10 -31 -26 22 50 -8 8 -49 50 44 -45 12 -29 16 29 -21 -43 0 5 -2 -32 -42 -32 6
41 -13 -41 -5 50 -33 34 -25 -48 24 13 -48 32 -30 -47 -2 30 25 -41 -50 -44 4 47 -37 21 -33 12 39 -25 -4 -40 -35 -1 -31 -24 -2 -47 27 -11 -45 0 -49 24 -18 -29 -7 30 17 35 5 -16 41 25 -20 21 -5 -37 49 -50 -11 -6
-40 -30 10 47 -37 24 50 40 -37 21 -45 -36 -5 -47 -48 4 -1 19 -12 -47 -48 46 -5 49 16 6 -38 14 6 -33 24 -17 -13 -17 -21 -34 24 45 -45 37 -19 -39 -50 26 -36 19 -20 14 -12 -16 -17 -44 -21 -6 22 45 -50 0 -26 -28 17
15 -29 20 14 -34 37 -13 27 8 -27 -42 -15 41 34 -34 9 30 30 13 31 29 -14 -41 40 -43 21 6 -27 11 28 6 -25 16 42 40 -2 -6 -24 -25 -48 -34 -17 -13 23 33 3 -19 -21 49 11 -41 -6 13 35 -17 -14 -29 39 9 33 -18
ADD 2 42
13 -38 0 6 -13 -32 22 20 -29 -6 -32 25 -9 -3 -11 18 -28 33 -20 -43 32 16 -22 -14 41 -40 19 -46 35 -18 27 -37 -6 43 19 -3 -40 -44 33 -19 0 -49
22 8 -2 28 42 21 10 -28 -6 -42 4 22 -6 -5 -1 29 -35 50 -39 42 -38 -29 0 32 -15 10 38 -33 8 -46 -32 46 -22 17 23 36 -47 50 -43 -3 -43 -22
ADD 14 3
-11 50 -20
4 49 -43
-38 28 45
12 -25 -21
39 -38 -3
-38 33 15
-43 27 48
31 13 17
30 -14 30
3 14 -19
20 19 -20
16 -27 46
23 -15 23
-16 13 48
ADD 14 3
26 26 -21
-25 -43 -13
18 21 34
-20 -12 13
-17 34 32
13 -36 1
-18 -39 -33
5 -44 6
6 -5 40
-32 -8 -31
-48 34 45
-19 -42 18
-16 27 -11
-33 23 -7
MUL 3 24
-4 -5 0 0 1 -4 -3 1 -2 -4 -1 3 2 3 -1 -1 -3 -5 5 1 5 -5 -1 -4
-1 2 -3 5 -5 -1 -1 -5 -3 4 -2 1 5 0 -4 -3 1 -2 5 -3 4 -4 -1 -4
-5 -3 2 5 -5 4 4 -1 0 -5 -4 -1 -1 0 -1 -1 -1 2 5 -4 -4 -5 -3 0
MUL 24 1
-3
-4
5
-4
-4
5
1
4
5
-1
2
-4
3
2
-3
-4
5
1
-2
-2
5
5
-2
4
ADD 5 69
26 -19 -29 -21 -23 -27 43 -14 1 9 43 44 40 24 -8 -20 46 -17 -46 -36 44 48 4 42 22 -48 -4 -32 21 -16 -5 -38 -19 -18 -9 -26 5 50 10 23 8 2 16 -2 42 24 -6 37 -44 -1 -49 50 -38 -29 41 35 40 -47 19 -24 -47 30 -11 -16 -38 30 8 -17 30
-33 -45 -47 -15 -13 -33 -24 -39 12 29 34 27 -4 0 39 -17 -44 -11 -28 -41 -42 -35 -38 38 4 -38 16 50 -14 50 -5 -31 21 -1 4 25 16 -4 2 44 42 -15 20 -47 1 -25 -13 8 14 -25 -17 22 -10 -4 -24 10 -26 42 10 11 41 -46 30 -22 -31 -50 -48 36 -38
-30 29 -47 5 -1 24 -44 -10 27 -20 -47 -49 13 26 -42 25 -49 18 50 9 44 -24 -34 15 22 -6 34 22 -38 -15 1 -18 -36 -30 3 -21 44 9 19 20 39 -12 -12 -32 -37 -38 43 31 -4 8 -44 -44 34 -28 21 -28 16 -30 10 -6 6 -40 26 -14 -19 -22 15 41 4
50 -23 -42 -13 -19 -24 -33 -7 36 14 5 -7 20 11 44 42 48 -35 -27 -32 25 17 -10 36 -8 26 33 -13 -44 23 41 -45 16 49 -42 47 42 -25 -45 27 6 11 -31 -25 38 -38 34 2 44 -44 -14 19 24 26 -30 32 -33 -48 -32 -27 -9 -42 45 -43 24 -48 -47 15 45
26 -9 0 -48 -24 -9 40 -45 -26 -9 49 48 27 17 -13 -32 37 -32 -15 5 -47 -26 47 28 -32 20 1 38 -11 32 32 -36 39 48 -34 -35 -46 -44 -30 46 -37 35 43 7 -32 -21 -9 -46 -37 -7 -24 -34 17 39 45 2 8 -39 -11 47 44 37 -39 32 34 -23 13 38 50
MUL 1 42
-1 0 -5 -1 -2 0 -4 -1 -1 0 4 -2 0 -5 0 -5 -2 -4 1 5 3 4 5 -1 -4 -1 -3 1 4 -2 3 -5 1 1 -3 5 -5 -3 -4 -2 2 5
SUB 14 42
49 8 23 19 -17 46 -18 45 -21 -7 22 7 34 -14 0 -10 0 39 -21 22 -21 -47 46 29 50 19 31 -41 -10 -49 -28 -46 9 12 23 8 -27 21 2 -31 31 -27
-8 -20 -24 8 20 26 -4 16 -37 -9 19 25 36 18 -7 17 27 0 -16 16 4 10 44 44 -33 -34 14 -14 -15 -6 -25 27 -9 1 -50 -40 44 -4 26 23 3 -6
-2 -11 -39 7 22 5 -44 -45 37 11 -19 30 -30 -1 46 34 35 48 45 26 -10 -15 -23 -9 -39 37 3 38 9 23 48 -44 -39 -41 14 -1 -20 -14 -30 -34 47 2
46 -34 -50 7 17 1 -30 -23 -24 -23 -22 -31 -16 -11 -45 3 43 -19 -25 41 -47 -48 16 17 1 46 -47 22 28 16 40 23 -1 40 46 32 -44 33 -42 49 -41 -14
-32 -41 -9 40 12 -16 -30 4 -26 -26 6 40 7 24 1 -24 -39 -22 9 -50 17 -43 6 12 39 -22 -40 13 -24 36 15 -6 45 -45 -50 -27 -11 -30 27 13 -40 49
-32 18 -12 19 10 -35 47 -32 32 13 42 -13 42 30 15 -49 -42 8 4 23 18 -2 29 18 21 34 5 -37 -37 -19 -38 -19 15 0 17 -25 16 13 -7 -37 43 -49
1 0 -3 32 -33 6 -45 21 -22 24 36 23 -43 6 -27 12 20 -14 44 -2 17 8 48 -17 -1 -21 13 9 -7 -29 10 10 21 -44 -43 4 -22 -37 -25 -27 3 -40
46 10 -18 -32 39 18 -30 -2 -35 38 -45 30 37 -29 -42 -35 30 -33 -14 -11 -7 23 -39 -33 -23 -10 47 -32 13 -1 -22 -26 25 -24 -41 13 45 -21 -40 -41 33 33
5 -14 -47 14 1 33 -3 4 38 7 -24 49 24 -31 -46 20 -13 17 35 -19 42 9 -26 -50 -28 -32 46 49 44 29 31 -1 -36 34 29 -19 -18 42 35 -31 -2 28
35 38 47 39 7 -50 -28 -43 48 -37 17 -29 30 5 -11 25 3 50 -31 -16 -2 -17 34 43 15 -34 34 -35 -49 -18 43 36 36 6 -9 -7 6 13 0 3 -8 33
-9 38 -13 30 -22 41 -5 -2 41 9 -3 24 1 28 40 -15 44 42 -17 2 -7 -32 -43 34 -23 -21 -38 -6 33 -30 43 40 -43 -20 -15 -14 -30 31 0 -40 -11 13
0 41 -9 -10 42 -50 48 41 2 -10 25 -24 41 19 5 -48 -38 -47 -27 -46 43 47 -50 -22 -18 37 -42 -2 13 -37 -39 -37 20 -32 3 11 35 0 -33 -48 6 43
-22 -4 11 0 -35 -11 -31 -12 -41 -38 -16 -40 -44 -17 47 -36 -3 -24 44 -26 -11 14 -8 8 41 43 -43 -42 46 -21 17 40 26 44 -45 41 49 -25 45 -43 -13 45
34 -7 44 -3 -27 -9 23 33 15 28 -4 24 -15 -47 16 -8 -39 -23 -13 -6 34 -38 -47 5 19 -49 30 -21 25 33 -26 -25 42 -33 -12 31 -26 27 14 40 4 26
MUL 42 18
2 1 -5 3 -2 -3 4 -2 0 4 -3 0 -3 1 -2 4 -4 4
-2 -2 -2 -4 -3 4 -5 -5 4 -4 -5 -4 2 0 2 3 -3 5
3 4 -5 -2 3 -4 3 3 2 4 1 3 0 4 4 3 4 -5
1 4 4 -3 3 2 -2 0 -3 3 -5 -1 1 3 -2 1 4 -5
2 0 3 -4 -2 -4 4 4 4 3 1 2 1 -5 -2 0 -3 -4
-4 -1 1 -2 -4 1 1 2 -4 4 -4 -5 2 1 0 -3 3 3
-2 1 1 -4 -4 -5 1 1 4 5 -5 -5 -5 5 -1 -1 -4 -1
3 2 4 4 -2 5 4 5 1 -2 -4 -2 5 -3 2 -2 -1 2
-2 5 -3 5 2 -5 -5 0 5 -3 4 -5 -1 1 2 -2 0 5
-5 -4 2 1 0 1 2 -3 4 -3 0 -5 2 2 3 4 1 0
4 -1 5 3 2 2 2 -5 -3 -2 -4 0 -4 -3 2 3 1 5
-3 -4 -4 -5 -4 -1 -5 3 -5 1 1 0 -5 -3 4 4 3 -2
0 -1 -3 2 3 -2 -5 2 -2 2 -3 5 1 -1 4 0 -1 5
4 -3 2 5 4 -5 -3 2 -3 -5 0 5 -3 5 -1 -1 0 5
0 0 1 4 5 1 1 -2 -5 -1 3 -3 -2 1 -2 3 -2 -4
3 0 1 5 -1 -4 4 1 4 -5 3 -4 5 -5 -1 -2 4 -2
5 -3 1 3 1 -4 5 2 3 -3 -1 4 -4 -4 -3 1 4 -1
0 1 3 -2 1 0 -2 -1 -2 2 2 -3 4 -1 -3 -3 -4 2
-1 5 -4 5 5 1 3 5 0 3 0 -3 -4 5 3 2 -5 -2
5 -2 2 -2 4 -3 -2 2 1 0 4 1 -4 -3 0 -2 5 -1
2 3 -2 5 -2 3 -4 -2 2 2 5 3 -5 5 4 0 -3 2
0 0 -4 5 3 4 0 3 4 5 4 4 -2 -2 -1 0 -3 2
-3 -3 5 3 4 3 -2 2 2 -4 -5 2 2 -2 5 3 -3 0
-1 2 -3 -2 1 -5 -4 3 -2 -2 -3 -1 5 -1 1 3 5 -3
-2 -3 3 3 -3 3 -1 4 -5 -4 -1 -4 1 4 3 4 5 -1
2 4 5 -5 -4 -4 -3 -5 -2 1 1 -2 3 4 -2 -2 1 0
4 3 -4 3 4 -1 4 -2 -3 1 -4 5 3 3 3 2 1 4
3 3 2 5 -2 -4 -3 5 5 -2 -3 -1 2 -4 -4 3 4 4
-4 0 -4 -4 -5 -5 -5 4 1 3 -2 -5 -1 -4 3 -4 4 5
-3 -5 2 5 -4 2 -4 3 1 -4 1 -1 3 0 2 4 2 3
2 2 -1 -3 -2 2 -3 2 1 4 1 -1 1 1 -3 -5 -1 -1
2 0 -4 -2 1 0 0 -2 -5 -3 5 0 5 1 5 -2 2 -3
3 2 3 -1 -2 -4 3 4 3 -5 4 -4 -1 1 -1 -2 2 -5
2 -4 -4 0 -2 -4 5 -5 0 4 -4 5 5 5 2 0 -2 5
1 -5 2 -4 4 0 -5 -5 4 0 -1 0 -2 4 2 -1 -2 3
-2 -3 4 2 4 5 1 3 4 -5 -5 5 -5 2 4 0 1 2
3 2 3 2 -4 5 5 -1 3 -1 3 -5 -3 5 -3 4 1 4
1 5 2 -2 -5 0 -3 4 5 -5 -2 1 3 -5 -3 -2 0 -2
-3 0 0 5 2 -5 5 2 5 5 0 -2 3 -4 -2 -3 -1 -2
1 -1 -4 0 0 -1 -5 -5 -3 -3 -2 3 -2 0 -5 1 -3 2
2 5 -1 1 2 2 3 -3 3 -5 -2 5 -2 4 -3 -3 -2 2
-1 -1 2 1 -1 3 -4 1 -5 -4 -4 -3 4 1 5 -5 -5 1
ADD 7 29
8 42 -19 35 -12 -43 42 -23 -22 20 -46 -48 46 -40 23 0 4 -13 -22 -31 -2 2 -32 -7 -1 9 31 -10 41
43 15 -36 0 12 49 39 20 6 -35 14 42 36 -17 38 12 -45 -47 -34 -7 48 -15 7 0 -31 -50 15 29 -3
-46 -15 -11 -15 0 40 48 -2 28 -17 -46 9 47 46 -40 46 -1 22 -49 -32 38 -40 -34 39 -17 -18 -42 50 47
3 -37 18 38 2 -48 -13 -43 16 2 1 15 -28 -41 -22 34 36 -27 -17 8 41 -33 -5 17 -17 -50 17 15 25
16 -22 -23 -5 46 31 48 14 -32 21 47 -14 -28 11 8 48 39 -9 34 29 -10 -43 19 8 -32 -48 7 -32 19
-28 43 -50 -34 -31 -4 -39 17 -41 -9 35 30 -13 37 18 49 -6 16 3 1 -35 -19 8 -28 -50 -35 -10 19 22
9 -13 10 -33 -13 26 -47 -1 3 20 8 45 -30 -46 -19 -44 22 46 -34 -47 -1 17 -32 30 -26 -44 -4 -45 -37
MUL 97 59
-1 0 -4 5 1 1 2 5 -2 -3 3 1 -4 -1 0 -3 -1 2 -1 -3 3 -4 0 -3 5 2 0 -5 0 -3 0 4 2 -1 2 -2 -5 -2 -5 -2 -1 1 2 0 5 -3 1 -4 2 5 -1 -3 4 2 0 3 -2 5 3
3 -4 -4 -1 2 0 -5 3 -2 -3 3 0 1 -2 -4 -5 -5 -4 1 -3 2 -2 1 4 -3 -5 -2 5 -2 -5 1 4 -5 0 -3 2 3 -2 -3 -4 0 5 -1 -5 -5 0 4 -5 0 -2 -3 -4 1 1 5 1 1 -4 -1
2 -4 5 0 -4 -1 3 1 5 4 1 -5 -2 -2 -1 -4 -2 3 5 -3 -5 -5 -3 5 2 4 4 -5 -3 5 -1 3 5 -4 -3 4 -2 3 -2 -2 1 4 -4 2 -3 -1 3 -2 -4 1 0 5 1 3 4 -5 -1 0 -4
-1 -2 0 -4 -3 0 -3 -5 3 5 -4 -5 -1 -5 -3 -5 -5 1 4 -2 0 -1 2 -3 3 -3 -5 4 1 -2 3 3 1 -5 3 1 0 5 0 -2 2 1 -2 -5 1 -2 -4 -1 2 3 3 -4 5 -1 -2 2 1 -4 -2
5 0 -5 0 4 -4 -3 0 -1 5 5 2 0 0 4 -2 5 -4 -3 -2 2 5 4 3 2 -3 5 -3 1 4 0 -2 -4 -1 4 -5 -2 4 -2 2 2 -3 -1 5 0 -5 -3 -1 5 0 1 1 -3 -1 -3 5 0 -4 -4
4 3 -1 -3 3 1 4 3 4 0 -5 1 -4 -5 5 -5 0 5 -4 3 4 1 -2 -2 3 0 0 0 3 -1 -1 2 -4 2 2 4 -3 0 -1 -4 5 -3 2 5 -3 -1 5 1 -4 4 -2 3 -1 1 -5 -5 4 0 -2
2 4 1 -2 4 -3 5 0 -1 -3 3 -2 -4 5 3 -5 -5 -4 4 1 -5 0 4 2 5 -3 2 3 -5 -5 -5 2 2 -1 3 0 1 2 4 4 2 1 -4 4 0 3 2 -2 2 -2 4 3 4 0 -1 1 2 4 -4
3 4 5 -3 1 -1 -5 4 5 0 2 3 -3 -5 3 -5 -1 0 0 2 -4 2 -1 2 -2 4 -5 4 1 3 5 -4 1 2 -2 5 -5 -2 4 -5 2 -2 1 4 -3 -2 2 1 1 -4 -5 1 1 -1 -3 4 -2 -4 0
2 4 -3 3 -1 5 4 -3 5 -3 -5 3 2 -4 -1 0 -4 0 -4 2 5 -5 1 0 2 5 2 -2 -5 1 2 0 -1 4 -3 2 1 5 4 -1 5 2 -4 1 1 -2 -5 3 4 -4 -3 3 5 3 -3 -1 3 2 3
1 -2 -3 -4 0 -5 -4 -4 0 -5 3 4 5 -1 3 0 -5 -4 -2 1 3 -1 3 0 -3 1 0 1 -4 5 -2 0 -5 0 1 1 -1 1 0 2 -1 -2 -2 -3 0 -5 0 -2 5 4 4 2 -5 2 5 -3 -3 -1 4
-4 -3 5 1 -3 -2 -5 1 0 1 5 5 5 -3 -3 5 0 -5 0 4 -5 -2 2 0 -2 -2 0 -1 -2 4 -3 -1 4 5 -5 -4 -3 4 0 0 -1 -1 -1 -4 -1 -1 -4 3 0 1 1 -2 2 -3 3 5 -1 -3 -4
0 5 -2 3 3 -4 1 2 -4 -1 -5 2 3 -3 4 2 2 -2 1 -1 1 -4 3 4 1 3 -1 -1 5 2 0 0 -1 2 -3 -4 3 3 2 4 -4 2 -2 2 2 -5 -2 -4 -4 5 0 2 4 -5 -2 0 4 2 4
3 -2 -4 -5 0 3 -3 0 0 3 -4 -3 4 1 -2 -2 -3 -2 0 -1 -1 -1 2 4 -5 1 -4 -2 -1 4 5 5 5 -4 -5 0 4 -5 5 -3 4 4 -3 0 -1 0 4 -1 2 -2 1 4 0 -4 3 0 2 4 2
4 0 1 1 0 2 -1 3 -1 0 2 1 -4 0 1 1 2 -5 -3 4 0 -2 -2 -3 3 -1 5 -4 4 1 3 0 5 -2 -5 -1 4 0 -4 -3 3 1 3 4 4 -2 -1 0 -4 0 -4 0 3 -1 2 1 1 -1 0
-1 3 -5 4 2 -2 3 4 5 -3 5 -4 5 -2 2 1 -4 5 5 1 5 -1 1 -3 -3 5 4 1 1 -3 4 5 5 4 2 0 5 -1 -2 5 -1 -4 -5 -4 -1 3 2 1 0 -1 5 -3 2 0 -1 2 0 -3 -5
-5 -3 4 3 -5 2 -3 -2 1 -1 1 -2 1 2 -1 2 -4 5 -4 0 -3 -1 -1 0 -5 5 4 2 -3 5 2 -5 5 0 1 3 5 4 -5 -2 -3 2 2 4 -4 4 -2 -3 3 -2 0 3 2 5 -3 2 2 5 -2
2 2 3 2 1 -5 -3 -1 5 4 -3 -5 5 4 2 3 -5 -2 4 -5 4 -4 1 2 3 -2 4 -3 3 1 0 -1 -3 -5 -5 4 -5 -5 -5 3 5 -3 4 4 5 -2 -1 3 2 -5 1 0 -3 5 -4 3 -3 4 -5
3 -1 -2 -4 0 -1 -4 -2 -3 -5 -4 -5 5 -4 4 1 4 -4 3 1 1 3 -5 -4 5 5 -5 1 -5 2 1 3 5 4 5 -1 -5 4 0 -2 4 -1 -4 1 0 3 -4 -1 4 2 3 0 0 3 -1 -3 1 -3 3
-1 5 -4 5 4 4 4 -3 4 1 0 5 -3 4 4 4 -2 1 3 0 -2 0 -4 1 3 2 5 5 -3 -4 1 -1 -5 2 -1 2 0 -5 2 -3 1 -4 5 2 3 4 0 -4 -1 -5 -1 2 -2 0 -3 -5 -3 5 4
-3 5 -1 0 3 4 4 0 -3 4 -4 -1 -2 -4 -4 3 4 3 -3 3 -3 -5 -5 2 -1 -2 3 -3 -2 0 -5 1 -1 -3 -5 -3 -4 2 0 -2 -2 -1 0 -1 0 1 -4 -3 -3 -2 3 -3 -3 3 4 -1 -4 -1 1
-1 5 0 3 -4 2 1 -2 3 -3 1 4 -1 -5 -2 3 0 3 5 0 5 -5 -2 -4 -3 -5 3 1 5 -5 -5 -3 3 0 5 4 5 1 -5 1 1 1 -1 5 1 1 3 5 -2 0 -3 -5 0 0 5 3 -1 2 -4
-2 0 5 -2 -3 -1 -2 5 -3 2 3 3 -5 -2 5 4 3 0 -1 0 1 4 2 1 -2 -5 -2 -5 -3 -5 -5 -2 -2 5 2 1 -3 5 -2 -1 -1 -5 5 -1 -4 4 -3 2 -1 -1 -4 3 -3 2 -1 1 0 2 -1
2 0 -1 5 2 -1 1 -3 -1 -2 -2 1 2 -2 0 5 -1 -4 5 -4 -2 -1 -5 -4 1 0 -2 -4 5 3 1 1 -4 3 -1 3 5 5 3 -2 -2 -5 2 3 -2 -4 2 0 -2 0 1 -1 4 0 0 -1 5 1 -1
5 -1 3 -2 0 -2 2 -5 -2 0 3 -1 3 1 -4 -2 4 -5 4 -4 -4 -2 3 1 -4 -5 -5 -2 5 0 0 2 4 -3 -5 -4 1 2 5 2 -4 2 -5 2 -3 -4 4 4 -3 2 5 -4 5 0 2 4 0 1 -4
-2 -5 2 5 2 2 5 3 -3 0 2 2 -1 -4 3 5 -4 2 3 3 2 -1 0 4 -4 -5 0 5 -2 4 4 1 4 0 1 0 -5 -2 -5 -3 3 0 5 -3 -1 0 -4 0 -4 2 -3 2 -5 3 0 5 1 3 4
4 2 2 -2 -2 -5 4 4 -5 -4 2 -5 3 -3 3 3 -1 -3 2 5 -3 -2 5 4 -4 0 -4 -5 4 2 4 1 -2 0 4 0 -2 0 -4 -2 1 3 -1 -4 3 -4 4 -3 -3 0 5 -3 3 4 -5 4 -3 5 4
-5 1 0 -1 3 4 -3 -3 -4 2 -2 0 -4 4 2 -3 2 1 5 2 1 -1 1 3 -5 -3 1 4 -3 0 1 -2 5 -5 2 2 4 3 2 -5 -1 3 -2 -2 1 3 -1 -5 -2 -2 2 5 2 -5 0 2 -2 -4 -1
0 1 3 1 -2 3 -4 5 0 4 -1 -2 -5 -4 1 -3 1 -4 1 1 -1 4 -4 -4 -2 -4 0 4 -1 1 -5 3 5 3 -2 -2 -2 -3 -5 3 -5 0 -5 5 -1 -1 -4 5 0 0 -1 3 -2 -2 4 -1 -1 -2 -3
2 2 -5 -1 2 3 0 5 -4 3 5 4 1 -1 3 -2 2 -4 -1 -1 2 2 3 -1 5 4 -5 -3 -2 -3 -3 3 4 -2 5 0 -5 -3 -3 5 5 -3 2 -1 -1 -1 2 -5 -2 5 0 5 1 -5 -4 -1 5 -3 1
-5 -3 1 1 4 4 0 -3 3 2 -1 0 0 1 -4 2 4 -2 -2 2 2 -5 -4 1 2 -5 1 4 3 3 -3 3 3 3 -2 1 2 1 3 -3 -3 -3 2 0 1 2 -4 -3 5 -2 5 1 -2 -5 -5 3 4 1 1
1 -4 3 -4 4 1 -3 -1 -5 3 -5 -3 4 -3 4 -2 1 0 -2 4 -2 1 3 4 4 1 2 2 -2 -5 -5 4 -4 4 4 3 -1 -5 -5 -1 4 -5 -1 0 -5 -3 3 1 1 4 -3 4 -1 3 0 -4 -3 -5 1
0 -5 1 -4 -5 -3 3 3 1 4 3 3 0 1 -4 5 1 -3 0 -5 1 -1 -5 -3 1 2 2 2 4 0 -5 -4 1 0 -5 -1 2 4 -4 -4 0 3 4 5 -4 4 2 3 4 -4 1 -1 0 -1 -1 5 -5 4 -1
2 -1 0 1 3 5 2 -4 -1 -2 -3 0 1 3 -1 0 5 -5 -4 0 4 -5 -5 -5 1 -1 -3 0 -2 -5 2 5 -1 -4 1 -4 4 -5 -3 -2 -2 -2 3 2 -5 5 -4 3 5 -5 -3 1 -5 -5 -1 -1 -2 1 2
1 2 -1 0 4 -2 4 -5 -3 4 -5 -2 5 -2 -5 1 -1 -5 0 5 3 0 -3 -3 -1 -3 1 3 -2 -5 -2 4 0 2 -3 -2 5 -5 -2 5 3 -1 -3 2 0 -4 -2 2 -4 3 2 2 -4 4 4 0 4 -2 -5
-3 -4 -2 4 1 3 -5 4 1 5 -5 0 2 -1 1 -2 2 2 -1 -1 1 -5 -5 -3 -4 2 5 -1 0 -5 -3 0 -4 1 -3 2 -4 -5 0 2 5 -2 -5 -1 0 1 3 -3 -5 5 1 1 5 1 1 4 -5 -2 -3
-2 -2 -2 4 -3 4 4 4 3 4 -3 0 4 0 -2 -3 4 4 3 -5 2 1 1 -5 -2 5 1 -3 5 5 -3 -3 -5 0 4 -2 -4 2 5 5 1 5 -1 -3 -2 0 -3 -4 -4 4 -4 3 -1 0 3 2 -1 -2 2
-2 -5 5 -2 5 -3 -3 -5 -1 4 3 -2 -3 1 0 -1 4 5 0 3 -5 -2 2 1 2 -4 -2 -4 -2 -1 4 -1 -2 1 2 -5 3 2 -5 5 1 1 -5 1 -4 0 -5 3 -3 0 0 -5 1 -4 -1 -5 -5 2 -4
-4 5 3 0 -5 -2 -5 -5 -4 2 4 4 -3 -1 5 4 1 -1 2 -2 0 5 2 -2 0 1 3 0 2 -3 -1 3 5 -3 -4 5 0 -4 5 -1 3 3 -2 4 -5 -3 2 -1 -1 -4 2 2 -5 -4 4 -2 3 -1 1
-1 1 5 5 -1 -4 -5 -2 0 -4 -4 4 3 2 5 1 2 5 -5 -5 -1 -4 1 4 5 2 2 -5 -1 -5 1 1 0 0 -1 4 0 -3 -4 5 -3 -5 1 5 3 1 0 -1 0 0 -2 2 -1 4 1 -2 -2 -5 -4
3 -4 2 -4 -1 5 0 -3 -1 1 -4 -2 3 -3 5 2 5 -2 -4 -4 1 -1 -1 -2 3 -3 2 4 -1 2 5 5 1 1 -5 5 -2 -1 5 3 5 -4 4 2 -4 3 -4 4 4 -3 5 0 -1 -1 3 -4 -1 -3 3
3 2 2 2 -2 -5 1 -5 -2 3 -5 4 2 5 3 -4 4 -2 -3 2 -3 -3 1 2 1 3 -3 0 -3 -3 -3 3 4 2 -2 5 0 4 -5 1 -1 4 -2 -5 1 -5 5 -1 -2 5 4 -2 5 -1 5 0 -5 5 3
-3 5 3 3 4 -3 -5 3 0 2 1 4 -5 -1 -4 4 3 -4 1 -4 -2 0 3 1 -3 -3 -1 2 -3 -4 -3 -3 -4 3 3 5 5 2 0 -1 -4 -4 -2 -3 0 -3 4 -2 -1 -2 -3 0 1 -5 -5 4 -5 -1 -2
-5 -1 1 -5 0 -4 3 -3 -4 -3 2 -2 -1 1 -1 -1 -4 2 -5 -3 4 -2 -3 -2 5 -5 -2 1 4 1 4 4 5 -3 2 -3 -1 -2 -1 -2 0 4 1 4 0 -5 -5 -1 0 -4 -1 -2 -1 1 1 -4 2 4 2
-2 -3 -1 -3 5 1 2 -4 3 5 -2 4 -2 -3 0 5 0 -2 -5 4 3 -4 -3 -5 -2 1 -1 0 -5 -3 5 -1 -2 -2 -1 -3 3 -5 -1 -2 4 2 -3 5 2 0 4 5 3 2 1 -2 1 1 -4 5 -3 0 -3
-5 0 -4 -1 3 -2 1 4 -5 0 -3 -4 -2 2 -2 -5 -3 3 4 -4 -2 -1 3 -1 5 -2 0 4 -2 5 4 -1 -2 -5 1 4 -4 -3 2 5 0 4 -5 1 -1 -3 1 -1 3 -3 0 -4 1 -5 0 -1 -3 4 -5
-2 1 5 2 4 3 -4 3 4 -4 -1 1 1 -4 1 -4 -2 3 0 2 -1 2 5 0 -4 4 3 0 -5 1 -2 -4 -3 -3 2 -5 3 3 1 1 2 4 -4 -3 5 1 -4 -5 -4 -1 2 0 4 -1 3 5 -3 1 -3
-5 -4 -1 -3 -4 1 4 -5 -1 -1 1 3 -5 -3 3 -5 5 -2 -4 5 -3 0 -1 3 -4 4 0 -4 4 4 -4 3 4 0 3 5 5 -1 3 -4 3 -1 2 1 1 -1 1 -1 0 0 -2 3 3 3 -2 4 -1 1 3
-5 -2 5 3 -4 -3 -2 4 5 2 2 -5 -1 4 3 3 -3 5 -2 1 0 3 5 -5 0 0 -4 -1 2 0 -4 2 3 4 -2 4 5 1 1 4 -2 -3 3 0 -5 -2 -2 -3 -3 -1 4 0 -3 1 -2 0 -5 -1 4
2 5 4 -4 0 0 -1 -3 -1 4 3 -4 -4 5 2 -1 5 5 0 5 -4 5 3 0 -4 -4 3 1 -4 -3 -2 1 5 5 3 -1 -1 5 1 2 3 -4 1 2 -5 -3 -4 3 -4 1 3 -5 -2 -2 0 -1 -2 -4 4
-1 -2 5 4 -5 4 -1 -3 -5 -2 2 2 5 3 -5 1 2 -3 2 -1 -4 -4 5 -5 -1 -4 0 2 -1 1 -2 1 2 -5 -1 0 4 3 3 4 5 -3 -1 4 5 -1 -1 1 0 5 4 1 4 1 1 -5 2 5 0
4 -2 3 -2 4 1 2 -2 -1 -2 4 -4 -3 -5 -2 4 4 2 -3 -3 5 5 4 1 1 0 5 2 5 2 -4 4 4 3 5 2 -2 1 3 1 2 2 2 2 0 3 0 -4 -1 1 -3 -3 0 -5 1 5 0 0 1
-2 -5 0 -4 4 -5 4 -2 -3 -1 -5 3 5 0 -3 1 4 5 -4 5 -4 0 -4 -2 3 -5 4 2 0 -3 -3 3 -5 1 2 4 1 0 -4 3 3 5 -2 2 0 0 -5 -2 -3 -4 -5 -1 -1 -5 0 -3 -5 -3 4
-2 -1 5 5 -3 0 -1 -5 -5 3 5 2 -2 4 5 5 -4 -2 3 -3 0 5 -2 4 -2 -4 -3 -2 -4 -1 -3 -3 1 -4 -4 3 1 -1 1 -1 -4 -2 -5 -1 5 4 -4 -4 -4 4 -2 1 1 -1 -2 3 0 0 -5
1 2 -3 2 -3 -4 3 3 0 5 -2 5 -5 -1 3 -3 -2 1 -2 -1 2 -5 3 -4 1 -4 -1 -2 2 2 -3 -5 -2 -3 2 -2 -1 -2 4 4 -5 -4 3 -4 0 -1 -2 3 5 0 -5 0 -2 1 1 4 2 3 -5
-4 -3 -3 -5 -2 -1 0 1 1 1 -1 0 2 -2 -5 1 1 -1 2 -4 -3 5 -4 0 -3 2 -5 -4 -3 1 5 -4 3 5 5 -5 -4 0 -1 3 4 1 -5 -2 4 -5 4 -3 -2 -1 -2 0 -2 -2 5 1 5 3 0
5 -4 -1 -4 4 -2 -5 2 -1 -2 -5 5 -5 1 5 -2 -3 -5 -5 -1 -4 -1 0 -1 2 3 -2 -3 3 4 2 2 5 4 1 1 5 0 -5 -3 1 4 -4 1 -1 5 5 -1 5 3 1 4 -4 -5 -3 3 4 -2 4
1 5 -2 -5 4 -3 0 -3 5 5 -3 -4 0 -5 -4 5 -3 -5 2 -1 3 -1 5 1 0 5 3 -5 3 -5 4 -4 5 -5 -3 1 -3 0 1 5 -1 1 -4 2 -1 -3 -1 -1 -3 -5 3 5 -3 0 -2 0 -1 -5 1
-3 4 -3 -2 1 -3 -2 5 -3 3 0 -3 5 4 -4 0 -3 -2 4 -1 -2 3 -4 -5 5 1 -2 0 3 -2 4 3 5 -5 -4 0 -4 -3 -1 -2 4 2 -2 1 0 -1 -5 0 0 3 4 3 0 3 3 -3 -4 -5 0
4 -4 -2 2 -5 -3 1 -2 -2 1 0 1 -1 -4 3 -5 -1 -4 4 2 2 1 0 -1 -5 -5 -5 -4 -4 -5 1 4 -5 5 0 -5 -4 4 -3 -1 -1 2 3 2 2 0 2 -5 0 0 3 5 5 -5 -4 3 -4 -4 4
-5 -5 0 4 -5 -3 -4 4 -2 5 4 0 -3 1 -5 4 -3 -1 -2 -5 4 1 1 3 0 2 4 -2 1 4 5 -1 4 -1 -2 2 1 -3 -2 2 -5 -3 5 -3 1 -5 -5 3 -1 -2 3 -5 4 -3 1 -3 4 -3 0
-3 -5 -1 1 2 2 2 -4 -5 5 -2 3 5 0 0 5 -5 0 5 1 2 -5 -4 2 2 -2 -3 4 5 -2 -4 -4 -2 -1 1 4 -5 -5 3 4 3 -5 -1 0 -2 5 -1 -2 -1 -4 2 -4 -4 4 1 4 5 2 0
5 5 2 4 -5 -5 -1 2 4 0 0 2 -5 0 -4 1 4 4 5 5 -3 -4 0 -4 -3 -2 3 4 -3 -3 -1 5 -4 4 4 5 2 -5 2 -2 0 5 3 1 -3 2 5 -5 0 4 4 1 5 -2 2 -5 -1 -3 2
-1 -1 4 -1 -2 0 -3 -4 -4 -3 3 -3 1 0 -5 5 2 2 4 1 -5 0 -1 1 -2 0 -3 -2 4 0 3 -3 2 2 -1 4 -4 1 5 -4 2 0 -2 -5 5 -2 3 1 4 -1 5 4 4 -2 -1 -4 3 1 -3
-1 4 -5 2 -1 2 -5 -3 1 0 5 2 5 -1 -5 5 -4 -4 0 0 5 4 0 1 0 1 5 2 -1 -1 2 1 -5 2 -3 -1 -4 -4 -1 1 1 -4 -3 0 -2 -5 -3 -1 -5 0 3 3 -2 -5 -1 3 1 -2 -3
3 2 5 -1 3 -1 -1 5 1 0 -3 5 4 -2 -4 -4 2 -5 -2 4 -5 3 -1 3 4 -1 -4 0 4 -2 2 1 3 -1 3 0 4 -3 -2 -3 2 -2 -4 1 -1 -5 0 4 4 2 3 2 -1 5 -2 -4 -1 -3 1
-3 0 -5 1 -2 0 -1 1 -4 1 2 -4 -5 5 -3 -1 -1 -5 5 -3 3 1 3 -1 3 1 2 2 3 5 -3 3 -3 -4 -2 -2 -1 0 5 0 4 -1 1 5 -1 1 -4 1 -1 4 1 -4 -1 -3 1 -5 1 -5 2
-2 3 3 -5 -5 4 -4 -2 -3 2 -5 0 0 0 4 -3 2 -1 -3 -5 3 -5 -1 3 -2 -1 -2 -4 5 -2 1 -3 5 -2 -5 5 5 -3 -5 5 4 5 -1 -4 -3 -3 -3 2 -1 -1 2 -5 -1 4 3 0 -2 4 1
-5 5 -3 -4 4 -2 -4 1 -4 -2 2 -5 5 -1 -2 -4 1 -2 -2 -3 1 2 2 1 4 0 -4 -3 1 5 1 2 2 3 3 1 5 4 5 -5 -5 -1 -5 5 3 -4 -5 -2 -2 -4 0 4 1 -4 -1 0 0 -2 0
-5 -5 -5 0 2 4 -3 -5 1 5 -5 1 5 -1 -1 4 -3 -1 3 -2 2 4 4 0 0 3 2 3 -3 5 -3 -2 3 -3 3 -1 4 4 -2 -3 3 -2 3 0 0 -5 -4 0 -1 4 4 -5 1 2 -2 -5 -1 5 1
2 2 1 3 -1 3 0 1 0 -2 4 2 4 -4 -2 -2 0 -2 -2 5 0 -4 1 -2 0 -5 1 -2 0 -2 4 5 3 -1 0 -4 -5 5 2 -2 -4 1 5 3 0 -5 5 3 -4 -3 1 1 -4 -4 2 2 -3 -5 5
0 -2 2 -3 -5 -5 2 5 4 -1 2 -4 -2 -5 5 -4 -2 5 4 -4 5 -5 2 -2 -4 1 -5 1 3 -5 1 -3 -3 -5 -1 -5 -5 4 -5 3 -2 0 4 1 -2 3 0 1 1 -2 0 0 -2 -4 3 -2 1 1 4
-2 2 -3 -1 2 -3 1 0 -4 0 0 4 3 3 0 -4 -5 -4 2 0 2 3 5 5 5 5 2 -3 0 -2 4 1 3 5 5 -3 5 1 2 -5 -5 -5 2 1 3 -3 2 2 -2 -4 -4 3 5 4 2 2 1 -2 4
4 -1 0 0 5 -1 -1 -4 -3 5 2 -3 3 2 3 -2 -1 5 4 4 -5 5 3 3 2 0 -1 -2 -5 0 5 5 3 -2 -1 2 0 1 2 2 -1 -2 3 -4 5 0 0 -4 -1 -4 4 -3 4 1 5 1 -5 -4 2
5 -1 0 4 -4 1 -5 2 -5 1 -2 3 5 -1 -2 5 -4 3 -3 -5 5 -2 4 -4 -4 0 4 0 -2 5 -5 -3 -2 0 -5 -2 -5 4 5 4 0 -5 -1 -3 -3 2 -4 -2 -1 -2 -2 -2 1 -3 -3 1 0 -5 -5
3 3 -5 4 5 -2 2 -3 -4 1 5 -5 4 3 -1 4 5 -4 -5 -3 -2 -4 -2 0 1 -2 0 -4 3 1 5 -1 -4 -5 -3 -5 -4 4 -5 -2 -3 5 -2 -5 0 0 5 -1 1 3 1 3 4 3 -5 -1 -5 0 -2
4 -5 -2 -3 -5 -4 -3 4 -3 4 5 0 -4 2 1 -4 -3 -4 -5 1 0 1 -5 -3 0 3 -3 2 3 3 4 -1 1 5 -1 -1 -5 1 -2 -5 0 -5 -1 -1 2 5 0 2 -5 -1 -4 1 5 5 1 -3 0 2 3
-3 -1 1 0 3 0 4 -3 -2 -2 0 -2 1 -2 2 5 5 0 -3 0 0 1 -1 4 -1 -2 0 -1 3 -4 -4 3 -2 0 -3 4 3 5 -5 -5 -5 -2 -3 1 1 2 -2 -1 -4 0 2 0 5 -5 -4 -4 -2 -1 0
4 -2 0 1 1 5 2 0 3 -1 -2 1 -1 0 3 3 4 -2 -5 -3 -3 0 2 0 -3 2 2 -2 3 -5 2 1 -1 -4 -5 3 -5 2 -5 3 4 -3 -3 -3 2 3 5 -2 -5 5 1 -4 -3 -3 1 -2 3 -5 1
0 -4 -3 -4 -2 -2 5 4 -3 1 5 5 -1 5 5 -1 1 3 -2 4 3 -5 -3 4 -3 -2 -2 -2 -5 -2 5 -2 -3 5 -1 -2 -4 -2 -3 -2 2 5 -5 4 4 -5 -3 -3 3 -2 -5 -2 -2 -4 -3 -1 -3 -2 2
-5 -1 -1 -2 0 -1 1 3 0 2 5 1 -1 2 1 -5 0 1 -4 2 -2 -1 1 2 1 0 2 3 2 3 -3 2 -4 2 5 1 4 0 -3 -4 -3 5 2 -1 2 -3 -3 5 2 -2 0 3 1 -5 -3 -4 -2 2 2
3 -1 4 -1 -1 0 -4 3 -4 0 5 -3 0 5 2 2 1 3 4 -2 -1 -5 3 -4 1 1 -1 0 4 4 -4 1 -2 5 3 0 -2 5 -3 -3 -3 -3 0 2 -4 -4 -4 0 2 5 1 -5 5 -1 -5 0 5 -3 3
4 -5 4 -3 -4 2 -5 1 3 5 4 5 5 -5 -1 -1 5 -1 0 -3 -5 -1 3 5 -3 -4 5 0 5 -4 -2 3 5 5 5 -4 1 5 2 -2 2 0 -2 1 -2 0 5 -5 2 -3 -3 1 2 4 0 2 3 -3 -4
2 -4 -1 -1 -5 -3 -3 -4 3 5 2 5 2 5 -3 -5 -2 0 4 -2 -3 -5 -1 3 0 -3 -5 -4 5 -3 -4 2 -4 -2 4 -4 0 4 -4 -2 4 1 -3 -2 0 -3 -4 3 2 3 5 2 4 -2 -3 -4 0 -3 -4
-3 -3 -3 2 -2 0 -1 -2 -5 -3 -1 -4 -5 5 -4 -2 -1 -2 -2 -5 3 -5 5 0 4 -3 2 4 0 3 5 0 5 -4 -3 -4 1 1 -1 -1 1 1 0 2 0 1 3 2 2 -5 2 0 -4 -1 3 3 -1 -3 -1
2 3 -2 -3 3 -3 -3 2 4 1 -5 -5 -4 1 1 1 4 5 -1 -2 2 -3 4 5 -2 -3 0 5 0 2 -2 -4 0 0 -4 -5 2 -4 0 -2 2 0 -1 2 4 5 -3 2 2 -1 5 -2 2 1 -5 3 4 0 2
-2 -5 4 -3 -2 -2 -1 -4 5 0 1 -2 -5 4 2 2 2 -1 2 -4 -5 -4 4 -3 3 0 -5 0 -4 1 -5 -1 -1 4 -1 2 -4 3 1 4 -4 -4 -4 -4 5 1 1 -1 5 -3 0 4 -2 -4 4 4 1 4 -1
2 -3 -1 4 1 -5 -2 -5 -4 4 1 5 5 0 5 4 -3 0 -3 -1 -2 0 4 -4 1 4 5 -2 -1 1 2 5 4 4 3 -1 4 4 0 3 1 4 0 0 -3 -3 -3 -1 1 -3 2 4 2 -2 3 -4 -4 0 -1
-1 -5 4 -2 4 0 4 -2 -2 3 1 4 -4 -3 -4 -1 -1 -1 1 2 5 4 -2 3 -2 1 -2 -3 3 3 -1 -4 3 -3 -3 0 2 -5 3 3 1 -4 -1 2 -4 1 -4 1 5 0 -5 2 -4 -4 -3 -2 0 0 0
-3 -3 3 -4 3 5 -4 -3 0 -5 3 -5 1 2 -2 -4 4 4 -5 -3 1 -2 -5 -3 0 -4 -1 3 1 2 -5 2 2 3 1 -1 1 3 0 4 3 -5 2 -4 3 5 -3 -1 1 -5 1 -4 -1 1 -4 4 0 -2 -1
-5 5 -3 2 1 -5 -4 4 -1 4 -4 -5 -1 -4 2 0 2 0 1 -5 -5 1 -1 -5 3 3 -4 -1 -5 -2 1 -4 -5 4 1 2 2 2 -2 -5 -2 -1 4 2 -2 0 -5 -5 5 1 4 4 5 -4 4 3 2 5 5
3 -5 1 2 -4 -1 -5 1 -5 3 4 4 4 -5 2 -1 -2 5 -1 -4 3 5 4 1 4 5 -1 -1 -1 -4 -1 5 -3 3 1 -2 -4 2 4 5 -3 0 1 4 0 -3 -3 1 5 1 3 2 0 -1 -3 -3 -4 1 -1
0 1 1 0 3 -2 4 4 -1 0 0 -4 0 5 2 -1 -3 2 1 3 0 -3 -2 -4 0 2 -3 2 3 1 5 -2 -4 0 1 2 4 -1 0 -5 3 3 -5 -3 2 2 -1 2 -3 -5 0 2 -5 1 3 0 -2 3 -5
-5 -1 5 -4 0 -1 0 -3 -5 5 0 5 0 -2 5 2 5 -1 5 0 1 5 5 -3 5 0 4 -3 1 1 -3 0 3 -4 1 -2 -1 -4 0 -1 4 5 -2 -2 -5 -5 3 -5 0 2 0 -5 -1 -3 -4 -4 0 3 -1
5 -4 1 -1 5 3 5 -5 5 4 0 -4 0 -3 0 3 -2 -2 -1 -4 3 4 -1 4 -2 -1 3 -1 2 -2 3 1 -1 -3 5 -4 3 3 -4 2 1 -1 3 -4 2 -5 2 3 -1 4 2 -4 3 4 3 -5 -5 0 -3
2 3 -5 -2 -5 -3 -5 -4 5 3 -2 -1 -3 2 -4 -4 -4 -3 3 2 1 0 -4 0 -3 5 -2 -3 3 1 -1 0 -1 -3 1 -3 -3 1 -2 5 -1 -1 -2 1 5 0 2 -5 2 -3 1 -5 2 2 0 2 0 3 4
-5 -1 -4 0 1 -4 -5 1 -1 0 4 -4 4 -4 0 -3 -5 5 2 4 -1 2 -3 -3 -3 3 0 4 -5 -2 1 -5 0 2 -1 4 1 -3 -1 3 2 -5 5 -2 5 -1 -2 3 -4 5 2 -2 2 4 0 4 -1 5 0
-1 -5 -5 0 -2 0 4 5 -4 -5 -4 4 1 -5 1 4 5 5 -3 3 4 -4 -3 -4 1 4 1 -3 -2 -1 3 2 -3 1 5 -1 -4 1 -2 -5 2 -2 4 -3 -2 -2 4 -5 -3 -5 1 -4 -5 1 -5 -1 0 0 0
SUB 32 68
-7 46 7 23 41 23 -20 26 -18 33 25 15 49 -33 -8 -16 -8 24 -35 38 39 22 4 43 8 44 -13 6 -8 -38 -49 35 -43 8 8 15 47 4 -44 -21 -48 -3 10 -50 14 -49 -16 23 26 -1 -24 14 38 30 -28 -5 -11 9 -49 31 -13 19 -18 -39 -24 6 -8 39
26 -2 -33 28 12 28 28 42 29 -39 14 -30 -23 41 1 31 -14 23 -25 -8 49 43 39 -15 11 -30 -38 3 26 4 -8 1 19 9 45 -20 -48 22 -29 -2 0 2 18 27 -42 -32 -27 -40 8 -2 2 6 -43 -9 7 18 -23 20 38 -47 40 46 -30 8 4 -35 38 -27
3 26 21 -48 44 -46 29 -49 -27 -49 -39 -3 -34 -20 19 -27 21 42 7 48 -23 -6 17 -33 -11 4 25 10 -15 13 -1 38 -46 -31 41 48 -27 -15 15 -38 -47 -8 -25 -31 22 44 -42 -8 36 15 -44 -38 26 -11 46 31 9 21 -44 44 50 -29 32 -47 -10 -12 17 -20
23 -19 -42 26 23 -50 11 -5 44 19 3 -5 -50 -25 -26 -8 -19 -31 39 40 6 46 34 5 -34 -19 -26 -27 19 41 -31 -9 -29 44 34 11 44 -6 22 4 30 -26 15 30 -34 39 38 -3 25 26 -14 -20 -13 -31 2 4 -34 26 -7 35 17 -22 43 4 -29 -8 31 32
36 2 -15 -19 27 50 27 9 5 14 -45 46 -10 -9 42 27 -23 -7 47 -41 -31 -45 45 2 -17 3 22 5 45 3 -14 -4 -46 -13 28 -3 -48 4 -45 -27 35 27 -32 -26 35 -40 17 28 -31 14 37 -46 19 -3 -28 19 50 45 40 10 -3 42 -44 -33 -22 0 -19 -20
20 -48 -30 4 30 -12 -6 -20 -36 -39 -43 -16 -9 44 -46 26 -9 -23 -6 -10 -29 -17 17 -16 -26 -11 -33 -32 39 -2 -35 -26 -33 -15 -5 47 -11 5 -24 4 16 -17 4 23 43 -26 -35 -17 1 9 -10 -12 9 23 22 -1 -39 6 -16 16 20 -1 40 37 0 -50 33 39
6 25 -42 38 24 -22 -23 17 3 -8 16 -47 17 22 -8 -25 -6 30 -9 5 -49 -9 -30 22 6 27 8 -45 27 -43 10 49 32 -15 3 -28 13 30 5 -35 -29 37 36 38 9 44 30 19 -11 37 41 -9 -23 27 -38 33 3 20 4 47 27 -37 11 -25 -2 -37 -3 28
43 -49 9 -37 38 -40 18 -38 -47 -37 -2 -41 50 -12 0 43 -36 12 25 -16 48 45 -20 -9 24 7 16 39 21 29 16 13 -4 -26 -7 50 -49 27 29 -46 40 -24 -37 5 14 -21 -3 -6 7 38 28 -29 32 -43 12 5 15 44 -41 -49 22 25 -20 34 16 23 33 17
-35 11 -13 21 3 -33 -25 -34 -4 22 11 20 -25 -46 41 -44 29 2 -22 -41 -39 -13 -40 -1 29 -10 -18 -40 30 31 27 45 -42 30 16 11 47 7 -6 -41 46 21 29 -30 25 19 44 3 37 38 12 48 -26 -12 -4 19 29 -6 29 -26 -26 -29 35 -18 -49 0 10 14
24 -47 -11 19 24 34 39 -36 2 32 18 -46 19 46 -49 10 -16 -37 45 29 7 24 -48 32 11 37 30 -22 -47 -11 9 27 -8 48 -39 32 32 50 13 50 -2 47 -46 33 42 22 -42 42 36 -47 -14 -8 -7 -46 40 -47 42 20 -18 11 25 41 -47 34 4 -36 15 -15
30 -23 -49 -23 -27 -45 -40 32 -7 -32 -11 45 38 26 -47 -20 30 43 -16 -13 -22 -18 14 -47 39 17 37 -8 31 -33 -6 11 -39 -5 4 -50 -34 -20 -2 -25 -35 38 -30 -48 -21 -27 -17 25 -35 -17 -38 -40 -19 26 30 -31 -41 16 -23 6 -1 21 33 10 32 -13 -23 14
17 25 40 32 12 -41 1 7 49 0 -18 30 33 -6 40 -37 36 19 49 11 -50 -25 -33 -34 13 50 -8 -40 -14 19 25 20 -6 -20 1 22 -45 18 -21 -47 -33 -23 33 50 -13 -11 29 -28 24 -7 34 -9 -15 -50 7 48 16 15 -43 -48 -16 -2 22 -6 28 39 32 33
7 27 2 -10 -47 -49 -44 -10 -44 35 -21 30 45 29 37 -21 -5 -41 -24 -40 25 50 29 25 -36 -34 35 42 -45 16 -9 -22 -41 9 18 -38 10 24 -31 -18 -25 -36 -38 -31 43 15 -36 -13 25 -44 -37 -35 22 43 40 36 -42 -10 28 30 -45 35 -43 31 -41 -8 10 20
32 29 -49 23 43 30 8 1 -39 22 4 36 28 17 17 0 9 6 -49 -16 46 29 -37 17 -21 38 -2 -11 46 -43 25 -7 2 -8 -34 -40 39 24 -23 50 -4 31 1 40 -3 -33 -45 23 -11 -43 23 -50 2 2 17 -2 -45 31 37 -50 4 -23 -6 -45 -15 -24 32 -27
50 -42 -28 -39 5 -11 18 -48 6 23 -9 45 -4 30 45 15 -19 -22 -38 -13 -42 15 -47 -21 8 -3 -50 43 -11 33 -34 -11 7 -46 0 -38 -6 34 31 16 7 38 -23 19 17 -29 -17 14 -35 -39 -50 41 26 -46 -31 -17 -33 -31 -24 7 18 -42 12 -25 29 28 -13 -28
12 34 5 35 21 32 3 -47 19 3 17 35 14 18 25 -10 -12 10 -11 -29 29 -19 -6 -3 -11 -45 -12 -32 0 -9 -44 -39 -26 11 46 11 -42 -36 14 28 17 -20 12 -19 14 -48 -13 18 12 -8 40 -44 24 50 3 -38 22 41 47 -29 -19 -47 49 -29 -20 44 32 -11
24 -5 -34 -9 26 -6 -12 -45 -38 -9 24 24 33 -21 -4 6 -22 50 -15 50 6 -19 37 4 -50 35 25 -19 -6 -27 20 -32 18 2 -25 -41 46 -21 -35 24 20 39 -37 -32 -33 9 25 -39 -26 26 -39 -3 -44 14 -50 24 -1 -9 -46 43 14 -10 27 49 42 18 -43 3
47 39 -24 -18 -7 -11 1 -24 14 42 -12 39 17 -35 -15 -11 29 -49 -38 -23 -42 -34 37 -11 -28 -21 -13 -37 48 -40 -18 44 50 -26 -24 -42 -21 -7 -15 44 -16 23 -2 -50 4 -1 -45 -18 0 -32 -24 -26 -50 29 13 -27 -43 16 -48 -46 -7 -15 15 -42 9 7 -34 39
50 1 -2 50 40 46 16 -41 -6 21 -8 10 5 -16 0 6 -38 30 29 36 -5 31 7 38 32 38 46 -43 -6 29 46 -41 -21 -41 25 36 -46 -10 11 -36 27 -48 -10 49 -48 40 4 31 19 49 -17 31 -5 40 -16 -23 27 -20 -16 37 -42 46 12 -47 21 -14 5 25
-8 -34 5 35 35 45 33 4 0 -48 -16 36 -50 17 16 -38 -28 50 -45 15 46 -11 -33 20 -50 29 -10 21 31 45 -39 39 27 -18 -10 12 43 39 32 -8 42 -35 44 8 -1 9 20 -13 -25 25 -48 37 30 -31 7 -4 15 47 33 -39 7 44 17 -16 -25 -44 12 34
45 -7 -24 2 -26 -31 -40 23 -5 -4 27 -14 -29 29 -28 17 14 29 -37 45 -9 46 23 49 6 -11 49 -3 -5 10 -19 -45 -48 -27 -26 -24 -42 -50 16 3 -4 -8 5 -17 37 28 -50 -34 -28 30 -39 -20 25 0 -22 47 39 43 -6 50 2 -9 21 -30 14 45 -38 22
45 28 42 -43 36 -4 -10 22 -27 -44 5 -38 36 -18 -8 -23 32 -14 -27 20 -22 -17 -15 -4 24 -45 16 -13 17 -6 -41 -23 -28 17 -16 24 -38 -9 -38 -48 -3 17 -36 50 15 -28 -24 -4 -26 -35 32 2 -1 -34 14 -28 38 46 -24 4 -11 -49 32 -23 18 32 -49 30
-28 30 32 -14 -4 12 -15 27 34 11 -28 -43 26 20 -25 41 36 5 -37 -11 0 -45 44 6 -44 -9 33 24 -28 0 -31 -39 -21 -49 -3 -9 -21 32 -33 30 -42 -45 3 0 25 29 -9 -24 50 -30 16 -34 -25 -25 22 -19 16 -30 21 4 21 40 15 16 7 28 24 37
9 41 16 -17 13 -32 34 -13 13 41 -20 13 -40 46 -5 -49 -30 -34 49 2 -14 19 -45 -44 8 -13 -11 32 -36 -38 18 -10 19 -17 23 -19 -33 -28 -15 -3 -38 15 26 39 10 -30 40 -4 -14 38 48 22 -28 19 -5 -3 -45 34 -22 37 12 46 -24 -20 45 15 -22 28
38 13 -26 50 -23 50 39 3 -31 -6 15 5 -18 -22 44 4 47 -12 -50 19 38 45 -29 -35 40 -3 -5 0 -39 -11 -22 15 -49 2 15 45 2 -31 -3 -13 13 28 43 11 -45 36 -35 -48 40 32 -13 -7 27 8 -26 -18 21 -15 33 -2 25 27 -37 26 -22 -6 21 -4
13 34 34 42 12 -8 3 17 44 -16 -15 -1 -35 -12 8 8 12 32 7 49 -34 -45 -3 41 32 -24 17 26 20 -47 39 49 3 -12 40 31 30 -42 -2 -11 -8 -1 38 -26 4 -5 -2 -35 -24 -46 31 -8 -41 -23 50 7 -31 -18 -17 39 -15 -29 3 4 9 -42 -15 -46
-33 -1 -7 -25 48 -20 -35 -33 -9 14 50 17 18 30 25 -6 23 24 -50 42 -45 50 -4 -44 -30 49 -23 -5 23 12 -1 6 -40 8 32 24 38 13 42 -22 -24 7 11 11 -14 -14 -46 -42 26 21 50 -2 21 -5 -30 7 -41 -3 -48 -2 25 -33 -46 35 26 2 -25 -21
-36 33 8 -9 -11 35 -49 25 -30 22 -1 13 -42 -2 27 29 9 47 -48 -16 -6 21 32 35 38 36 20 -21 -47 45 9 -32 -7 33 -25 32 17 43 -28 4 14 21 33 -12 35 9 34 -7 5 36 27 15 6 8 0 -41 -40 36 -45 -37 -4 14 48 39 -38 -28 -14 -5
-36 8 15 -6 -22 -3 33 -38 -45 16 -29 -23 -33 14 8 23 38 24 -2 48 9 3 28 -46 33 25 9 11 48 45 -44 28 -32 21 -28 -4 35 21 -26 6 -14 -39 33 -31 25 -43 8 -21 31 -45 43 -10 -25 20 -40 24 -39 -14 -15 25 47 -9 2 -35 28 -10 -23 12
-40 -32 -32 -38 -21 17 -19 21 24 39 16 5 11 8 11 36 45 -13 9 -45 23 10 -4 20 -50 48 1 -5 -12 28 23 -36 46 41 -23 42 -26 8 12 14 -37 -23 35 24 1 -39 -25 -5 -1 0 -34 38 -40 12 -27 27 -24 24 -29 -20 2 45 -6 -3 1 21 -46 -9
46 -18 -45 -42 -25 6 -2 27 18 23 38 -34 -28 -46 20 -18 -18 44 -41 8 17 47 38 -32 41 -18 -18 -42 19 -14 -1 14 19 -30 -12 10 27 36 -14 -6 8 -26 10 -3 45 46 -5 -24 39 -30 35 6 -33 -12 -10 24 -14 -12 32 22 -9 48 -49 26 -33 -10 -15 44
42 22 -13 -34 12 13 13 6 9 24 32 -3 45 -18 19 -39 -13 -41 35 -11 -3 -17 -40 38 -20 -38 -21 -3 -32 15 -9 -41 -14 -6 42 14 -43 4 -31 -18 45 17 29 39 16 -36 50 -48 -27 0 -9 -14 -1 -32 41 29 -20 -31 43 -2 34 50 -27 36 -41 -35 -35 -34
SUB 14 18
-36 -21 18 10 34 -17 24 33 -49 13 50 -8 49 -2 10 5 44 6
25 2 20 -26 -33 10 27 -24 -9 42 -41 26 43 -27 22 10 33 5
9 -28 -46 10 35 20 18 34 34 45 -12 -7 0 29 45 37 20 -39
-4 -4 -46 37 -47 -37 -22 12 -48 50 -29 2 -29 -4 24 42 -45 9
11 24 -42 -6 18 -4 38 34 42 -2 20 11 -24 -35 23 -20 -49 -8
-41 47 -46 -39 46 42 -21 33 -12 -47 24 -7 12 -50 -34 -14 -5 0
32 49 -16 -11 -4 -47 50 22 -31 -12 18 37 31 27 33 35 5 -5
26 34 44 -37 37 -16 -27 -36 -16 -45 0 29 6 49 27 6 -13 40
9 -47 11 -6 -43 -21 48 38 22 30 -12 -24 41 -36 -40 35 44 13
-32 33 -6 2 39 10 48 -6 8 -10 50 12 -21 -26 -19 7 19 -12
36 16 43 -27 -39 -20 0 -48 -40 -24 3 21 5 -13 3 49 5 -9
-25 2 1 33 43 -34 -40 38 -43 -9 -6 26 -4 46 -43 -46 -31 35
-16 -15 3 -39 11 -45 32 32 -42 -50 -3 14 -42 22 32 9 -30 -10
-8 -19 -22 -1 -12 22 41 0 -16 48 4 3 32 5 38 -49 16 -36
SUB 45 53
-37 -42 -5 -29 -4 -24 -3 17 -17 5 14 11 -47 18 49 10 -32 -18 -27 -12 1 21 43 -12 22 8 -32 -5 -13 31 -24 1 39 21 -12 -49 13 1 18 46 22 48 -28 25 15 38 -50 -1 36 -27 38 -13 45
30 -9 -18 -46 10 27 -9 -10 -48 8 45 23 13 46 -48 30 -21 14 2 -24 37 43 42 -10 44 -10 -25 33 44 12 -7 24 20 26 -6 -21 2 1 -15 5 -41 46 -23 -12 8 46 34 37 10 -15 30 -38 -22
-13 2 38 27 -7 20 21 22 -37 -40 -9 39 4 -14 -44 -46 21 11 30 16 5 34 40 0 18 27 26 19 -28 38 47 9 -45 0 -15 -1 37 22 37 16 -2 -23 4 -49 13 -24 23 50 38 -32 -19 -8 19
-29 42 -48 14 -16 21 36 -29 18 -6 -23 34 -5 -8 20 -33 -22 -15 -19 -29 5 50 0 32 22 -1 -15 6 30 27 41 -50 -16 43 -20 18 14 -35 6 48 9 33 31 -46 41 -33 38 35 -32 -32 -45 24 -33
5 -29 5 20 6 28 -1 49 18 -34 -18 -23 -4 17 41 -22 -28 38 37 -46 -16 7 11 1 -40 -5 20 46 -34 -41 29 -13 47 -16 -44 -32 28 -29 -34 -39 -13 -2 -12 0 -36 -22 28 -14 32 -20 -44 -34 4
-17 -17 14 -6 19 -25 10 -6 -46 13 -10 -46 19 8 32 41 -10 43 44 39 48 -41 19 -25 37 22 24 34 -6 6 -13 28 39 17 -29 -26 43 -2 18 13 -40 25 17 30 49 -2 -14 -11 -44 46 44 20 -45
-22 12 8 50 -15 -9 -6 41 -6 -29 -5 28 -42 19 -14 6 -47 49 -17 28 15 29 -8 29 -36 -3 1 26 -10 -29 31 19 33 -11 18 34 30 28 24 41 15 -32 18 -10 4 -47 46 -27 18 45 17 49 23
-42 -7 3 6 44 -21 12 31 -41 -20 -21 -36 15 -38 11 -42 36 1 24 21 35 -37 41 4 25 -37 -29 -14 30 -31 -42 4 12 -22 -41 -29 7 22 -48 -18 18 -19 -37 49 -6 24 -43 46 41 -3 -18 25 -24
-28 -22 17 -49 -35 -48 31 -50 28 -15 -22 -45 -40 -1 -22 -2 -33 -24 33 -35 -11 31 -25 -38 4 37 -48 -50 -31 -7 -24 -43 21 10 -41 2 12 6 2 -45 7 30 -40 -16 46 -46 32 29 -19 -20 44 20 -39
35 -1 15 22 1 -18 7 45 -26 14 -19 34 -11 34 -38 12 -49 -33 35 32 45 -32 -7 15 17 -29 46 47 32 16 24 16 31 -45 -13 -19 -13 10 42 11 41 40 -39 -21 -11 40 7 -10 23 -8 38 17 -24
-20 -18 9 2 44 6 50 -25 46 15 -45 -50 19 -47 -47 -22 45 -19 -32 0 -8 -36 39 -19 21 -21 -47 29 -34 -13 22 -37 -15 -20 15 45 2 14 -30 -2 45 -25 -36 13 45 -32 8 6 -1 26 -45 7 6
45 4 44 40 -27 -12 -45 -24 -41 -32 -23 -10 -1 -28 8 29 -8 22 -10 -17 37 -48 -22 21 -24 0 36 19 5 -42 -26 -35 12 34 -46 1 -28 27 28 -19 11 -46 -13 27 43 12 5 -50 -17 11 -16 36 14
-22 6 6 -6 -43 -26 49 32 -1 -36 -7 -18 35 11 -30 11 -12 2 -28 -42 5 15 -49 -34 36 -49 0 -3 -49 -49 27 46 -26 -18 -11 -19 7 -46 -37 22 -32 -28 20 -48 33 41 -20 37 -8 2 12 13 33
13 30 18 -20 46 -36 49 47 41 44 -30 -27 50 -32 30 -47 48 1 38 -31 37 40 19 27 36 5 35 -47 -34 -2 36 -5 44 4 -8 39 18 -10 1 9 50 -12 32 49 6 -23 18 3 -6 5 -12 -20 -39
23 -43 47 -22 42 -50 -40 -45 36 -28 49 -11 14 3 -43 -47 21 -18 19 -42 -37 18 -20 -44 -15 -1 0 7 3 -4 18 -24 -31 14 -30 28 14 -20 33 -34 -32 32 5 32 -50 -22 1 21 10 -30 -5 23 4
25 -5 5 40 11 -39 -7 -43 29 19 43 -41 39 20 23 35 3 39 -47 -50 -40 1 -50 -12 19 -12 49 39 33 -13 -42 -26 33 13 -37 -7 -9 -28 -34 -31 7 -41 -22 -5 -5 18 47 48 -28 16 14 -18 -34
15 21 35 19 -15 -11 1 22 -37 -9 -30 27 5 -20 -33 -7 -4 -48 -50 -29 48 -39 17 15 -43 -20 37 23 45 36 6 -25 -28 -44 44 7 -38 -40 45 -25 2 -35 18 -44 -5 1 -35 7 4 -35 29 1 -23
-39 32 -50 -43 -16 -10 18 -31 46 43 -9 18 2 14 30 13 9 -45 -36 24 -11 37 -32 41 -49 25 -6 34 -31 11 -40 47 -8 -40 -46 26 0 -12 12 -39 -19 -48 30 -1 17 -25 -39 42 47 42 15 -14 28
33 -24 -4 -27 -14 -21 -7 13 -11 -45 -46 -35 -41 -4 -18 -36 -43 -41 -5 27 39 10 -41 31 22 -50 27 13 -19 -38 -43 -37 -46 3 -48 -44 32 -39 19 37 -33 -11 18 43 36 50 -44 9 26 -33 -15 -20 28
-40 -40 -35 27 38 -6 -43 16 1 37 21 20 40 -7 1 -50 -38 -47 34 1 22 -7 -48 -13 -1 12 -38 -17 13 -7 27 24 -31 42 0 -44 -15 8 -11 3 -6 -41 -28 50 -32 -10 17 -20 -7 0 32 31 43
34 35 -42 -39 13 -9 25 22 -33 -36 42 25 14 48 -41 38 -48 -22 49 -39 1 48 47 41 14 -24 -17 31 24 31 23 -26 15 -3 -15 -23 4 -41 50 -13 -27 41 -39 4 4 38 -9 7 -35 -45 -16 16 -47
-20 6 17 -27 6 -37 47 -14 37 -30 17 50 6 44 4 -19 9 41 -29 -35 19 25 -14 -28 32 9 -13 38 9 20 41 6 42 -27 29 -3 -13 25 -1 40 12 -35 5 34 26 -42 -36 -16 16 -15 -34 -50 26
2 -28 8 -40 9 -39 19 45 18 -26 37 41 19 50 44 -40 -1 -1 22 -20 -46 5 -45 -38 -15 -44 -6 -13 -28 -6 -38 -10 -18 -14 0 8 -3 35 2 31 26 -12 22 -6 -46 -19 4 -31 31 42 -1 35 -38
-29 13 -36 44 24 1 32 34 -21 -29 -34 -18 -13 24 -5 38 -25 -24 13 -20 14 24 -16 45 44 -31 25 36 18 -25 14 5 5 28 -2 -22 -22 -21 -39 -26 -34 -23 6 3 17 -50 -9 43 43 20 39 6 -7
39 1 -13 -43 42 39 -9 -33 2 13 -12 -20 -40 16 -26 -44 -7 -2 -28 -13 20 -8 -47 -13 -1 46 -21 -32 0 36 -22 -12 -48 15 -5 44 -31 3 27 21 -35 31 17 42 -4 8 48 6 22 37 43 -8 45
46 -5 -7 8 -10 -23 24 -25 5 -38 44 36 -27 4 -46 26 47 -8 41 28 25 33 40 -18 -4 -5 -46 49 -47 -38 9 16 7 -49 40 47 -21 13 39 34 25 -2 -14 49 -49 -10 -10 49 32 48 26 7 -4
-19 5 8 27 9 7 30 -13 -35 -39 10 34 -50 -27 29 14 28 -22 -46 -25 14 -48 -23 -46 -41 42 2 -44 -17 25 2 14 -20 -41 -10 5 -18 37 9 -36 48 -32 48 15 -9 -8 -22 -32 20 -18 -6 -50 -49
-13 21 -40 -22 39 33 11 14 -16 -26 10 -7 -19 31 -8 34 -11 6 -3 -26 -31 -39 -19 11 -45 0 47 -12 10 13 -45 13 -17 32 7 -28 14 34 2 48 24 28 -44 -46 8 -2 4 14 20 -49 4 39 -38
35 -35 -32 -50 -38 -28 -24 25 44 39 25 25 -39 47 -46 45 -36 18 19 42 24 -11 -35 39 44 -5 -26 45 49 -37 23 0 -22 7 -34 -44 -5 -7 -2 -12 48 -28 29 -41 35 33 -47 15 0 -12 6 41 28
-13 -5 -13 33 19 48 -3 -2 20 13 -7 44 30 -35 -12 -28 13 -7 36 1 -29 45 -49 21 15 16 -30 -48 38 27 -4 -25 38 33 24 7 -4 37 -46 -34 0 -37 -41 46 -21 -37 -33 42 6 -48 -41 28 14
-40 -36 -22 -7 -50 47 -20 28 -7 -29 15 42 11 38 -46 -2 9 -30 14 22 46 9 -50 25 -8 9 -19 -40 -16 25 24 -40 39 18 3 39 15 0 -18 24 -13 14 -19 49 -33 -15 -4 26 -29 -41 -36 33 -16
31 8 26 -11 39 36 -11 -21 -24 0 34 44 19 -12 8 -32 21 48 6 -50 -21 4 -33 -20 16 44 2 -9 -43 -16 25 38 42 0 44 -4 -49 -18 -9 -23 -2 -26 -29 -33 13 -5 -49 50 -7 -27 50 -12 -7
-34 18 -42 26 36 -1 -1 37 -27 -47 -6 -11 47 41 -9 45 -19 18 -41 -28 5 -24 35 -50 44 34 -41 -33 33 -3 10 15 31 -15 -9 -17 0 40 -31 -10 43 13 29 5 -31 -31 -34 1 4 -25 -11 -42 -33
-27 -42 -40 23 34 44 5 -20 -30 36 28 -29 -24 -40 21 33 -21 -40 25 8 6 47 28 25 -38 45 45 -13 -17 -47 4 -28 28 -20 45 12 41 -35 8 -40 -50 -49 -19 -23 -39 -49 -41 -44 29 0 -19 -16 -4
-42 25 8 -48 20 11 -49 -11 31 -27 33 -39 -33 -40 18 -18 19 28 -18 20 -42 9 -2 26 -16 -30 -30 1 1 4 47 -25 46 -29 -23 -19 32 -22 20 -21 1 -32 -44 -16 -21 24 16 14 1 49 50 -25 -27
-37 17 -26 -50 38 25 1 -43 -13 -7 -48 8 20 -17 -44 15 19 -49 32 4 -43 -34 33 31 -2 -38 48 -4 -39 39 -14 42 5 10 42 -42 -50 -42 33 -13 1 35 12 -29 35 -16 2 -31 -15 50 23 -42 32
-29 39 -20 -17 2 26 -39 -10 28 -48 11 -47 44 -14 -47 -49 -32 -43 3 19 -15 -10 3 19 8 -11 20 7 -39 28 -11 50 -18 19 -18 34 -40 -41 40 5 -39 0 8 21 2 -22 -11 20 -49 8 -11 -14 14
8 21 -29 47 -44 -6 25 34 -1 24 32 34 22 -19 45 32 -30 -35 9 -14 23 47 39 17 -15 8 18 9 13 -47 39 -29 -10 -41 34 -4 -31 8 -21 19 -19 27 2 20 -43 -38 1 -23 44 26 -20 17 22
-32 50 23 -8 18 -19 -45 -13 -31 43 28 45 26 -27 31 -16 -31 -1 -19 46 17 17 -47 -4 -33 47 -11 44 -24 22 -19 -40 22 -46 3 -11 -15 -26 -8 -29 -34 -31 32 8 -41 12 8 -22 27 6 40 -6 -28
9 6 -44 6 11 50 -2 -17 47 -25 21 -50 28 26 -48 18 -33 -27 0 -13 -46 -43 -38 17 16 -10 -41 -29 -21 3 -7 5 25 -1 27 -14 -36 -26 -15 28 -1 -45 28 43 31 30 -24 14 19 26 17 -10 0
29 23 -35 -32 32 -48 -36 -49 -39 19 26 -23 -5 28 -43 -15 -38 35 1 -33 13 -41 14 -42 -14 -22 28 28 45 -33 -23 -10 40 -42 8 21 -40 -12 22 39 23 -36 -35 34 42 39 -31 -46 24 -14 38 -48 -5
-32 -40 -3 -38 4 -25 23 21 -32 -38 -24 -23 21 14 -47 25 -15 42 -2 -35 23 -19 -43 -22 -34 28 -49 2 15 -47 48 -1 30 -6 11 -16 -15 -16 21 4 -4 48 31 33 11 0 8 12 -42 22 28 -3 -48
1 25 -31 -22 26 -13 9 -5 -16 -42 -25 -5 19 -25 30 -48 46 -17 -35 43 30 14 -31 -20 38 32 -46 9 -25 1 -22 26 -24 -37 20 18 0 -22 -37 1 -14 -46 46 -45 -21 -9 24 -26 -9 5 34 -30 -31
-48 -34 -44 34 -30 -18 25 -12 10 0 14 23 -31 -19 -28 -2 -40 23 0 31 -16 -29 -41 26 46 -50 -34 -34 34 -48 -49 36 36 -42 20 -45 -10 -40 -41 50 -23 23 -12 -4 21 -24 10 -3 16 27 -22 50 48
-47 -9 9 -47 -27 26 37 -24 27 23 -39 1 -42 33 7 -32 9 -28 -5 -19 10 8 18 37 34 32 2 10 -41 -33 8 -38 9 33 33 32 -26 19 24 18 -9 1 -32 -1 -50 26 -16 9 48 29 6 -26 -48
